4.213902354240417480e-01,-6.050151586532592773e-01,-9.607227444648742676e-01,5.730464458465576172e-01,-7.544652223587036133e-01,-7.513443380594253540e-02,7.028855085372924805e-01,2.544383406639099121e-01,2.671455740928649902e-01
-6.082018613815307617e-01,-4.782617390155792236e-01,-4.066531658172607422e-01,-5.109206438064575195e-01,-5.110718011856079102e-01,-9.220710396766662598e-02,6.074953675270080566e-01,-7.141927480697631836e-01,-9.089175462722778320e-01
6.336877942085266113e-01,3.898380398750305176e-01,3.262744098901748657e-02,6.664549112319946289e-01,4.380472898483276367e-01,1.035884767770767212e-01,3.927817642688751221e-01,8.100252747535705566e-01,9.940849542617797852e-01
9.080883860588073730e-01,3.771473467350006104e-01,7.104747295379638672e-01,-3.343276977539062500e-01,3.917105197906494141e-01,7.028422355651855469e-01,-2.521916627883911133e-01,8.392392992973327637e-01,3.519165515899658203e-02
-3.761633485555648804e-02,-3.634775876998901367e-01,-6.300640106201171875e-01,3.354637324810028076e-01,2.053510546684265137e-01,-6.034554243087768555e-01,9.413018226623535156e-01,-9.086885452270507812e-01,-4.887339174747467041e-01
-8.914375305175781250e-02,3.537717461585998535e-01,-7.756811380386352539e-01,-6.062541007995605469e-01,7.136734724044799805e-01,-3.574353083968162537e-02,7.902590632438659668e-01,6.045790314674377441e-01,-6.301118731498718262e-01
4.808372557163238525e-01,-5.418378114700317383e-01,2.491594851016998291e-02,4.026269316673278809e-01,-5.682646632194519043e-01,3.855292499065399170e-01,-7.789011597633361816e-01,-6.192632913589477539e-01,-9.223591685295104980e-01
2.577957212924957275e-01,7.262569665908813477e-01,-3.000099211931228638e-02,3.202971071004867554e-02,5.938527584075927734e-01,-4.977698624134063721e-01,9.656684398651123047e-01,3.462510704994201660e-01,-8.667900562286376953e-01
7.633167505264282227e-01,5.490867495536804199e-01,-4.552010297775268555e-01,4.746552705764770508e-01,9.469526121392846107e-04,-4.948991537094116211e-01,4.382348954677581787e-01,-8.357647657394409180e-01,-7.401803135871887207e-01
-3.922956883907318115e-01,4.420130848884582520e-01,-8.857608437538146973e-01,-3.130990862846374512e-01,5.349012613296508789e-01,-3.465852737426757812e-01,8.649121522903442383e-01,7.200729250907897949e-01,3.087173700332641602e-01
-4.257894456386566162e-01,-7.440991401672363281e-01,5.340803265571594238e-01,-4.009175598621368408e-01,-4.876805543899536133e-01,6.279226541519165039e-01,-8.111524581909179688e-01,-4.566005170345306396e-01,5.661018490791320801e-01
-6.323733180761337280e-02,-7.733090519905090332e-01,5.906580686569213867e-01,-7.815963029861450195e-02,-9.927743673324584961e-02,6.027786731719970703e-01,-9.949332475662231445e-01,6.262084841728210449e-01,5.364521741867065430e-01
-8.513581156730651855e-01,4.391615986824035645e-01,4.126146808266639709e-02,-3.054423630237579346e-01,1.217949576675891876e-02,-3.733753263950347900e-01,-4.264906346797943115e-01,8.983255624771118164e-01,9.267622828483581543e-01
2.753291726112365723e-01,6.297879815101623535e-01,-4.361408352851867676e-01,2.662161886692047119e-01,5.879808068275451660e-01,1.307592988014221191e-01,9.237547516822814941e-01,5.075880885124206543e-01,-8.903276324272155762e-01
-3.765854835510253906e-01,-8.931123018264770508e-01,-6.639670133590698242e-01,-8.619758486747741699e-01,-4.982272908091545105e-02,-2.440321594476699829e-01,-3.393832743167877197e-01,4.470661282539367676e-01,-7.068210840225219727e-01
-5.041170716285705566e-01,1.962345391511917114e-01,4.642534852027893066e-01,-5.602778196334838867e-01,7.202476859092712402e-01,5.855270624160766602e-01,-6.572327017784118652e-01,6.653835773468017578e-01,6.645500063896179199e-01
7.521830201148986816e-01,-4.472264647483825684e-01,-5.771948099136352539e-01,5.399919748306274414e-01,-4.535163640975952148e-01,-2.570902705192565918e-01,-3.776632249355316162e-01,-7.709159255027770996e-01,-7.750811576843261719e-01
6.188312172889709473e-01,-4.699248969554901123e-01,-5.638074874877929688e-01,7.432684302330017090e-01,-4.262417852878570557e-01,-2.553978264331817627e-01,-2.541652619838714600e-01,-7.729737758636474609e-01,-7.854253649711608887e-01
-9.566019475460052490e-02,7.006254196166992188e-01,-5.828506350517272949e-01,6.103799864649772644e-02,3.695220947265625000e-01,-6.407208442687988281e-01,9.935408830642700195e-01,6.103912591934204102e-01,-4.997618496417999268e-01
-3.901155292987823486e-01,5.530167222023010254e-01,-7.273650169372558594e-01,-3.968710601329803467e-01,6.255802512168884277e-01,-5.960378050804138184e-01,-8.308448195457458496e-01,-5.502926111221313477e-01,-3.401161730289459229e-01
-4.109299778938293457e-01,-5.406705737113952637e-01,-7.754916548728942871e-01,-7.096984982490539551e-01,-5.643603205680847168e-01,-3.417165577411651611e-01,5.722452998161315918e-01,-6.238372325897216797e-01,-5.308883190155029297e-01
1.582992821931838989e-01,5.174977779388427734e-01,8.743252754211425781e-01,8.191941380500793457e-01,7.208846211433410645e-01,6.422197818756103516e-02,5.512371063232421875e-01,-4.610005617141723633e-01,4.810725748538970947e-01
5.541670322418212891e-01,-4.058712124824523926e-01,-3.314583301544189453e-01,8.003226518630981445e-01,-3.297219872474670410e-01,-6.310082226991653442e-02,2.288726270198822021e-01,-8.523801565170288086e-01,-9.413574337959289551e-01
8.513379096984863281e-01,7.041084170341491699e-01,-5.364075899124145508e-01,-1.667334139347076416e-01,1.702857017517089844e-01,-4.463093280792236328e-01,-4.974170327186584473e-01,6.893723011016845703e-01,-7.162924408912658691e-01
7.707999944686889648e-01,9.402623027563095093e-02,5.346109271049499512e-01,4.068447053432464600e-01,5.734329819679260254e-01,4.830054342746734619e-01,4.902496635913848877e-01,-8.138388395309448242e-01,6.934672594070434570e-01
3.511330485343933105e-01,-4.294812381267547607e-01,7.924405336380004883e-01,4.381372928619384766e-01,-8.610685467720031738e-01,4.751702845096588135e-01,8.274909853935241699e-01,-2.722258269786834717e-01,3.824280500411987305e-01
3.763203620910644531e-01,-8.574971556663513184e-01,4.946340918540954590e-01,3.194389939308166504e-01,-4.964300394058227539e-01,7.170770764350891113e-01,8.696790933609008789e-01,-1.351142227649688721e-01,4.910576641559600830e-01
3.984001874923706055e-01,-9.666692614555358887e-01,7.502116560935974121e-01,3.260576725006103516e-01,1.864204853773117065e-01,5.920650362968444824e-01,8.573002219200134277e-01,1.754935532808303833e-01,2.943493127822875977e-01
-3.838427066802978516e-01,-9.087620675563812256e-02,-5.497983098030090332e-01,-6.484720706939697266e-01,-4.031500816345214844e-01,-5.456258058547973633e-01,6.573801636695861816e-01,-9.106104969978332520e-01,-6.324667930603027344e-01
4.507482647895812988e-01,-5.917369723320007324e-01,-3.200031816959381104e-01,2.037775516510009766e-01,-1.735154539346694946e-01,-7.992054820060729980e-01,-8.690803050994873047e-01,-7.872355580329895020e-01,-5.087914466857910156e-01
-4.054850041866302490e-01,-6.880230903625488281e-01,-2.672689855098724365e-01,-3.724793791770935059e-01,-5.760437250137329102e-01,-3.753810226917266846e-01,-8.347700238227844238e-01,-4.413591623306274414e-01,-8.875000476837158203e-01
-5.400246977806091309e-01,3.832696676254272461e-01,2.115651220083236694e-01,-4.108106493949890137e-01,3.188108801841735840e-01,-7.362688332796096802e-02,-7.345800995826721191e-01,8.668701052665710449e-01,-9.745867252349853516e-01
-3.939899504184722900e-01,-7.011805772781372070e-01,-1.927730441093444824e-01,-2.142378985881805420e-01,-5.835869312286376953e-01,-5.491850376129150391e-01,-8.937975168228149414e-01,-4.095997512340545654e-01,-8.131632208824157715e-01
1.635154942050576210e-03,2.898128926753997803e-01,4.951831698417663574e-01,-9.091333150863647461e-01,5.373392105102539062e-01,3.242100775241851807e-01,-4.165019989013671875e-01,7.920069694519042969e-01,8.060281276702880859e-01
3.050020895898342133e-02,-5.855219364166259766e-01,7.304041981697082520e-01,4.974028095602989197e-02,-3.218330442905426025e-01,4.630807340145111084e-01,-9.982963204383850098e-01,-7.440347075462341309e-01,5.020616054534912109e-01
-4.966969192028045654e-01,5.710577964782714844e-01,-1.038890704512596130e-01,-6.168706417083740234e-01,5.070607066154479980e-01,2.469300031661987305e-01,6.105429530143737793e-01,6.455869078636169434e-01,-9.634482264518737793e-01
5.254761576652526855e-01,-3.177730143070220947e-01,-7.685456275939941406e-01,7.137183547019958496e-01,-6.167953610420227051e-01,-3.571083247661590576e-01,4.631208777427673340e-01,7.201276421546936035e-01,-5.308589339256286621e-01
8.710612058639526367e-01,-7.446587085723876953e-01,2.680992484092712402e-01,3.638522326946258545e-01,-5.369299054145812988e-01,-3.544204533100128174e-01,3.299455046653747559e-01,-3.964716494083404541e-01,-8.958286643028259277e-01
3.761943280696868896e-01,8.672217726707458496e-01,4.678572416305541992e-01,1.694828122854232788e-01,2.071900218725204468e-01,4.809129536151885986e-01,-9.109080433845520020e-01,4.527677595615386963e-01,7.415068149566650391e-01
4.464887082576751709e-01,-7.624394893646240234e-01,-5.952748656272888184e-01,7.715185284614562988e-01,-3.630106747150421143e-01,-2.129242569208145142e-01,4.532184302806854248e-01,-5.356391668319702148e-01,-7.747974395751953125e-01
5.154860019683837891e-01,-7.135651707649230957e-01,8.004156947135925293e-01,4.275484383106231689e-01,-6.280728578567504883e-01,5.297906994819641113e-01,7.426146864891052246e-01,-3.104017078876495361e-01,2.804577052593231201e-01
5.273465514183044434e-01,8.434734940528869629e-01,-1.895671039819717407e-01,1.311068534851074219e-01,5.313063859939575195e-01,-5.235081315040588379e-01,8.394739627838134766e-01,7.915828377008438110e-02,-8.306644558906555176e-01
7.137846350669860840e-01,-3.864314258098602295e-01,-4.510039091110229492e-01,4.930756688117980957e-01,-4.295658767223358154e-01,-3.996416628360748291e-01,4.973810315132141113e-01,-8.161764144897460938e-01,-7.980488538742065430e-01
-5.148947611451148987e-02,2.637886404991149902e-01,6.549454927444458008e-01,-9.351289272308349609e-01,1.959642469882965088e-01,4.615954458713531494e-01,-3.505463004112243652e-01,9.444647431373596191e-01,5.983110070228576660e-01
7.881579548120498657e-02,6.534381508827209473e-01,-8.680865764617919922e-01,7.729008793830871582e-01,2.387962341308593750e-01,-4.866001605987548828e-01,6.296128034591674805e-01,7.183278203010559082e-01,-9.821391105651855469e-02
2.008385397493839264e-02,2.474954277276992798e-01,7.213107943534851074e-01,8.362588882446289062e-01,9.353341460227966309e-01,4.909822940826416016e-01,5.479667186737060547e-01,-2.527766823768615723e-01,4.885151386260986328e-01
2.049765437841415405e-01,-3.233120143413543701e-01,2.622830569744110107e-01,9.362828135490417480e-01,-6.147235631942749023e-01,5.888589620590209961e-01,2.852349579334259033e-01,-7.194333672523498535e-01,-7.644951343536376953e-01
-1.694463938474655151e-01,-4.295988082885742188e-01,-4.639610052108764648e-01,5.484424233436584473e-01,-7.336711287498474121e-01,-6.360302567481994629e-01,-8.188399076461791992e-01,-5.264708995819091797e-01,-6.166081428527832031e-01
-1.174659878015518188e-01,1.297945380210876465e-01,-3.856607675552368164e-01,-8.474680781364440918e-01,9.733189642429351807e-02,-8.439735174179077148e-01,5.176869034767150879e-01,9.867522120475769043e-01,-3.727928996086120605e-01
3.531998097896575928e-01,-5.108764171600341797e-01,-4.982679486274719238e-01,8.366321325302124023e-01,-6.024616956710815430e-01,-5.789699554443359375e-01,4.186844229698181152e-01,-6.132252216339111328e-01,-6.453858017921447754e-01
4.794944524765014648e-01,-2.360281199216842651e-01,5.162818431854248047e-01,-8.716135025024414062e-01,-9.382056593894958496e-01,5.992584228515625000e-01,1.018576771020889282e-01,-2.531022131443023682e-01,6.118352413177490234e-01
-4.129309356212615967e-01,5.250180959701538086e-01,-2.890378534793853760e-01,1.620736718177795410e-01,6.688612699508666992e-01,-6.138820052146911621e-01,-8.962255120277404785e-01,5.262894630432128906e-01,-7.345788478851318359e-01
3.575364649295806885e-01,2.892438471317291260e-01,2.251212745904922485e-01,8.705048561096191406e-01,7.432572245597839355e-01,2.367338687181472778e-01,3.382143974304199219e-01,6.032468676567077637e-01,9.451335668563842773e-01
9.130793809890747070e-01,-5.106701850891113281e-01,-6.253653168678283691e-01,-3.252493962645530701e-02,-7.212841510772705078e-01,-5.611682534217834473e-01,4.064825475215911865e-01,-4.679371118545532227e-01,-5.422254800796508789e-01
-4.761855006217956543e-01,3.493582606315612793e-01,-2.278373390436172485e-01,-2.936693429946899414e-01,9.352303147315979004e-01,-8.506976366043090820e-01,-8.288580775260925293e-01,-5.738496035337448120e-02,-4.737125635147094727e-01
-4.121440649032592773e-01,5.906782746315002441e-01,7.784273624420166016e-01,-8.869810700416564941e-01,3.334931433200836182e-01,5.728020668029785156e-01,-2.083310335874557495e-01,7.347663044929504395e-01,-2.568045854568481445e-01
-3.780185282230377197e-01,-5.456065535545349121e-01,4.901564717292785645e-01,-8.293552398681640625e-01,-5.759495124220848083e-02,4.646009504795074463e-01,-4.114266335964202881e-01,-8.360599875450134277e-01,7.374907135963439941e-01
5.422306656837463379e-01,-5.022765398025512695e-01,3.529779613018035889e-01,8.376634120941162109e-01,-5.886458754539489746e-01,6.847900152206420898e-01,6.561873108148574829e-02,-6.334147453308105469e-01,6.375493407249450684e-01
-4.281480610370635986e-01,7.518650293350219727e-01,5.720404386520385742e-01,-8.102762103080749512e-01,-1.733110994100570679e-01,5.417479276657104492e-01,-4.001771509647369385e-01,6.361306309700012207e-01,6.158563494682312012e-01
4.876517057418823242e-01,4.657990038394927979e-01,-5.602141022682189941e-01,-6.140671372413635254e-01,7.179797291755676270e-01,-6.021459698677062988e-01,6.205782294273376465e-01,5.172392725944519043e-01,-5.688413381576538086e-01
7.136148810386657715e-01,5.318627953529357910e-01,6.377934217453002930e-01,6.497971415519714355e-01,4.521278440952301025e-01,7.694140076637268066e-01,2.617584466934204102e-01,7.160324454307556152e-01,3.495271131396293640e-02
-1.345523595809936523e-01,2.619264125823974609e-01,-4.569143056869506836e-01,8.204942345619201660e-01,4.795706570148468018e-01,-7.374688982963562012e-01,-5.555941462516784668e-01,8.375001549720764160e-01,-4.973618984222412109e-01
-4.668788909912109375e-01,-3.315273225307464600e-01,-6.618093848228454590e-01,-7.680867314338684082e-01,1.025052666664123535e-01,-3.941348195075988770e-01,-4.382542371749877930e-01,-9.378604888916015625e-01,-6.377038359642028809e-01
-2.555745244026184082e-01,-3.450693190097808838e-01,3.934760391712188721e-01,3.703963160514831543e-01,-9.370847940444946289e-01,5.922265648841857910e-01,-8.930219411849975586e-01,-5.290653929114341736e-02,7.031673192977905273e-01
7.106565833091735840e-01,-4.194245636463165283e-01,5.179189443588256836e-01,1.217533275485038757e-01,-6.366164684295654297e-01,6.534481644630432129e-01,6.929237842559814453e-01,-6.471495628356933594e-01,5.520556569099426270e-01
-1.541745513677597046e-01,2.595243453979492188e-01,4.985560476779937744e-01,-9.848551750183105469e-01,1.793064028024673462e-01,7.408354878425598145e-01,7.931245118379592896e-02,9.489448070526123047e-01,4.501162469387054443e-01
-2.640896439552307129e-01,5.803412795066833496e-01,-4.739327728748321533e-01,-3.661906123161315918e-01,7.322987318038940430e-01,-4.634921848773956299e-01,-8.922786116600036621e-01,3.562898933887481689e-01,-7.487074732780456543e-01
6.628743410110473633e-01,-5.123769044876098633e-01,2.417886555194854736e-01,6.218233108520507812e-01,-6.324873566627502441e-01,3.821660280227661133e-01,4.170532524585723877e-01,-5.808870196342468262e-01,8.919010162353515625e-01
1.601618379354476929e-01,-4.090264141559600830e-01,-5.647225975990295410e-01,-9.850613474845886230e-01,-6.232821941375732422e-01,-1.653363555669784546e-01,-6.326470524072647095e-02,-6.664958596229553223e-01,-8.085495233535766602e-01
-7.912448048591613770e-01,6.399849057197570801e-01,4.493373036384582520e-01,-5.585476383566856384e-02,6.084368228912353516e-01,7.433403134346008301e-01,-6.089432239532470703e-01,4.692802429199218750e-01,4.955211281776428223e-01
-5.648112893104553223e-01,-5.085580348968505859e-01,-2.299192398786544800e-01,-6.460307836532592773e-01,-6.071418523788452148e-01,-7.488617897033691406e-01,-5.134515166282653809e-01,-6.105304956436157227e-01,-6.215652227401733398e-01
-2.202767282724380493e-01,4.100684523582458496e-01,-5.151980519294738770e-01,8.948192000389099121e-02,8.869200944900512695e-01,-4.709208011627197266e-01,-9.713244438171386719e-01,2.126421481370925903e-01,-7.161036729812622070e-01
2.574152648448944092e-01,4.365174770355224609e-01,1.651488542556762695e-01,4.544245302677154541e-01,6.636355519294738770e-01,9.757629632949829102e-01,8.527811765670776367e-01,6.074869632720947266e-01,1.435702145099639893e-01
4.778829216957092285e-01,4.855546653270721436e-01,-6.143558621406555176e-01,2.366255223751068115e-01,8.892093598842620850e-02,-5.843084454536437988e-01,-8.459528684616088867e-01,8.696721792221069336e-01,-5.302363634109497070e-01
-7.584850192070007324e-01,4.116745591163635254e-01,2.434360384941101074e-01,-6.093958616256713867e-01,4.373691678047180176e-01,3.498748540878295898e-01,2.309486418962478638e-01,7.995200753211975098e-01,9.046140313148498535e-01
2.473716288805007935e-01,4.708904027938842773e-01,5.000640749931335449e-01,8.369534611701965332e-01,-6.646863818168640137e-01,4.447694420814514160e-01,4.881764650344848633e-01,5.800467729568481445e-01,7.430450916290283203e-01
-5.808306932449340820e-01,-6.065376400947570801e-01,-4.012690186500549316e-01,-5.727493762969970703e-01,-5.242321491241455078e-01,2.453962154686450958e-02,-5.784408450126647949e-01,-5.977396965026855469e-01,9.156314730644226074e-01
-8.070955276489257812e-01,5.248910188674926758e-01,6.354227066040039062e-01,-5.900235176086425781e-01,6.832310557365417480e-01,5.679182410240173340e-01,-2.165832556784152985e-02,5.076266527175903320e-01,5.231699943542480469e-01
-4.126130640506744385e-01,-5.643984675407409668e-01,-2.286046296358108521e-01,-5.629482269287109375e-01,-8.169195055961608887e-01,-8.493571281433105469e-01,-7.161282300949096680e-01,1.187307760119438171e-01,-4.757440090179443359e-01
3.444687426090240479e-01,3.820273876190185547e-01,6.119164228439331055e-01,7.753491997718811035e-01,-7.039068639278411865e-02,5.150168538093566895e-01,5.293155908584594727e-01,9.214662909507751465e-01,6.002632379531860352e-01
9.800388813018798828e-01,6.227266192436218262e-01,4.947650730609893799e-01,-9.055758267641067505e-02,5.890714526176452637e-01,6.565286517143249512e-01,1.769837588071823120e-01,5.149818062782287598e-01,5.693660974502563477e-01
5.327149629592895508e-01,5.326973795890808105e-01,-3.309100270271301270e-01,7.178463339805603027e-01,5.640659332275390625e-01,-1.931900382041931152e-01,4.482315480709075928e-01,6.309223771095275879e-01,-9.236752986907958984e-01
-6.779406070709228516e-01,5.012538433074951172e-01,-3.763459622859954834e-01,2.689491212368011475e-01,6.472377181053161621e-01,-4.669811725616455078e-01,-6.841512918472290039e-01,5.743064880371093750e-01,-8.001826405525207520e-01
4.493620693683624268e-01,-5.315470695495605469e-01,-3.524533808231353760e-01,5.626032352447509766e-01,-7.932012677192687988e-01,-2.372594028711318970e-01,6.939390301704406738e-01,-2.971352636814117432e-01,-9.052539467811584473e-01
-2.103278972208499908e-02,4.327381849288940430e-01,-3.213627040386199951e-01,-9.670631289482116699e-01,7.097511291503906250e-01,-8.641158342361450195e-01,-2.536660134792327881e-01,5.558695793151855469e-01,-3.873367905616760254e-01
1.133113726973533630e-02,1.510754376649856567e-01,-5.187305808067321777e-01,6.222064495086669922e-01,4.840510487556457520e-01,-5.665692090988159180e-01,-7.827711105346679688e-01,-8.618994951248168945e-01,-6.402484178543090820e-01
5.828927755355834961e-01,-5.156810283660888672e-01,-2.699528336524963379e-01,4.287485778331756592e-01,-4.354684650897979736e-01,-3.848296124488115311e-03,-6.902251839637756348e-01,-7.378619909286499023e-01,-9.628658890724182129e-01
-1.526360064744949341e-01,-9.607304334640502930e-01,4.020833075046539307e-01,-9.791558980941772461e-01,-2.616086006164550781e-01,3.433113396167755127e-01,1.339998245239257812e-01,9.250931441783905029e-02,8.488028645515441895e-01
-3.327236175537109375e-01,7.895457148551940918e-01,-2.457723617553710938e-01,9.179679751396179199e-01,3.868927061557769775e-01,-5.194323658943176270e-01,-2.159392982721328735e-01,4.763731956481933594e-01,-8.184045553207397461e-01
8.477596044540405273e-01,-6.195675730705261230e-01,-7.462432980537414551e-02,4.073170423507690430e-01,-5.791997909545898438e-01,2.996352910995483398e-01,-3.397005498409271240e-01,-5.297770500183105469e-01,9.511308073997497559e-01
-1.709874868392944336e-01,5.958692431449890137e-01,7.006170153617858887e-01,-2.136421650648117065e-01,6.821028590202331543e-01,6.273600459098815918e-01,-9.618317484855651855e-01,4.238814115524291992e-01,3.399342596530914307e-01
-1.296011954545974731e-01,1.076753959059715271e-01,-5.862674117088317871e-01,-2.998875379562377930e-01,-7.205048799514770508e-01,-5.368664264678955078e-01,-9.451301693916320801e-01,6.850392222404479980e-01,-6.066834926605224609e-01
-9.501097202301025391e-01,-5.388313531875610352e-01,-9.434464573860168457e-02,-2.054779827594757080e-01,-3.895433247089385986e-01,-3.148983716964721680e-01,-2.346708327531814575e-01,-7.469381690025329590e-01,-9.444247484207153320e-01
-8.972576856613159180e-01,-4.848501682281494141e-01,1.258854717016220093e-01,-3.464300036430358887e-01,-5.540978908538818359e-01,-6.594648361206054688e-01,-2.737058401107788086e-01,-6.766799688339233398e-01,-7.411199808120727539e-01
-7.484397888183593750e-01,3.984557986259460449e-01,1.469291299581527710e-01,-4.314133524894714355e-01,4.666232168674468994e-01,4.190544188022613525e-01,-5.037066936492919922e-01,7.896175384521484375e-01,8.959939479827880859e-01
-7.902630567550659180e-01,5.168324708938598633e-01,2.923150658607482910e-01,-5.623756051063537598e-01,5.622956156730651855e-01,6.128513813018798828e-01,-2.433474659919738770e-01,6.455290913581848145e-01,7.341423630714416504e-01
6.103392243385314941e-01,5.728523731231689453e-01,2.772828638553619385e-01,5.465866327285766602e-01,5.736017823219299316e-01,3.576417565345764160e-01,5.733489990234375000e-01,5.855094194412231445e-01,-8.917436003684997559e-01
1.400945335626602173e-01,5.862110853195190430e-01,8.174852728843688965e-01,-4.505476057529449463e-01,-5.261909365653991699e-01,3.559558689594268799e-01,-8.816918134689331055e-01,6.160191297531127930e-01,4.527838230133056641e-01
-4.946174919605255127e-01,7.577871680259704590e-01,-2.432581037282943726e-01,-2.186547666788101196e-01,6.301421523094177246e-01,-5.021901726722717285e-01,-8.411561846733093262e-01,1.693501174449920654e-01,-8.298376202583312988e-01
1.184802651405334473e-01,-1.079578846693038940e-01,-6.575434207916259766e-01,-8.896846771240234375e-01,-5.437255501747131348e-01,-4.571420252323150635e-01,4.409349858760833740e-01,-8.322905898094177246e-01,-5.988804697990417480e-01
2.080175578594207764e-01,4.747678041458129883e-01,-3.959300220012664795e-01,5.753622651100158691e-01,7.482568621635437012e-01,-5.229565128684043884e-02,7.910037636756896973e-01,4.633650183677673340e-01,-9.167903661727905273e-01
2.086862623691558838e-01,4.513264894485473633e-01,6.446407437324523926e-01,9.517306089401245117e-01,-1.837466210126876831e-01,3.843176066875457764e-01,2.250756025314331055e-01,8.732362985610961914e-01,6.608618497848510742e-01
-5.549440979957580566e-01,-6.460291743278503418e-01,4.811387062072753906e-01,-7.370132803916931152e-01,-3.613489270210266113e-01,1.854499876499176025e-01,-3.858088850975036621e-01,-6.723640561103820801e-01,8.568043708801269531e-01
1.077559292316436768e-01,2.352687865495681763e-01,6.277213692665100098e-01,6.302451342344284058e-02,7.780037522315979004e-01,5.111643671989440918e-01,-9.921777248382568359e-01,5.825449228286743164e-01,5.870919823646545410e-01
3.205599486827850342e-01,-7.527151107788085938e-01,-6.505007147789001465e-01,8.167833685874938965e-01,4.165251851081848145e-01,-2.152578234672546387e-01,4.796939492225646973e-01,-5.098300576210021973e-01,-7.283631563186645508e-01
-5.927421450614929199e-01,4.077160656452178955e-01,-5.072067379951477051e-01,-6.424319744110107422e-01,7.916971445083618164e-01,-4.379167556762695312e-01,-4.857344031333923340e-01,4.549541771411895752e-01,-7.422738075256347656e-01
5.408490300178527832e-01,4.300147593021392822e-01,-3.797852993011474609e-01,8.409090042114257812e-01,4.071625471115112305e-01,-7.512040138244628906e-01,-1.882805861532688141e-02,8.057951927185058594e-01,-5.398663878440856934e-01
1.831628084182739258e-01,-2.710121870040893555e-01,3.893554508686065674e-01,-6.099737286567687988e-01,-7.850888967514038086e-01,6.383221149444580078e-01,7.709627151489257812e-01,-5.569451451301574707e-01,6.640386581420898438e-01
-1.666977703571319580e-01,-3.883805274963378906e-01,6.828069090843200684e-01,-9.167573451995849609e-01,-4.762964248657226562e-01,4.336535930633544922e-01,3.629983365535736084e-01,-7.888614535331726074e-01,5.879789590835571289e-01
6.458359360694885254e-01,3.077466189861297607e-01,-3.767073452472686768e-01,6.924293190240859985e-02,8.093768358230590820e-01,-8.083348870277404785e-01,7.603297233581542969e-01,5.002011060714721680e-01,-4.524227678775787354e-01
-3.522540330886840820e-01,4.663502871990203857e-01,7.555912733078002930e-01,5.016679167747497559e-01,6.679070591926574707e-01,6.395806670188903809e-01,-7.900926470756530762e-01,5.800150632858276367e-01,1.414866447448730469e-01
9.478790760040283203e-01,-4.602547287940979004e-01,3.525027930736541748e-01,1.734200567007064819e-01,-6.034618020057678223e-01,5.161419510841369629e-01,2.673026025295257568e-01,-6.511523127555847168e-01,7.806017994880676270e-01
7.847889661788940430e-01,5.078958272933959961e-01,3.762547969818115234e-01,3.979982435703277588e-01,5.752769112586975098e-01,5.690252184867858887e-01,4.750829041004180908e-01,6.411696076393127441e-01,7.311925292015075684e-01
-6.363795995712280273e-01,-5.198450684547424316e-01,-2.929773926734924316e-01,-5.469387173652648926e-01,-4.126950800418853760e-01,-2.911750376224517822e-01,-5.439476370811462402e-01,-7.479597926139831543e-01,-9.107036590576171875e-01
3.806167542934417725e-01,8.085247874259948730e-01,2.275399267673492432e-01,2.944218516349792480e-01,4.682405889034271240e-01,5.705557465553283691e-01,8.766108751296997070e-01,3.564243614673614502e-01,7.891081571578979492e-01
4.547203779220581055e-01,-4.245818853378295898e-01,7.605312466621398926e-01,6.243296265602111816e-01,7.401393651962280273e-01,6.465629935264587402e-01,6.351708173751831055e-01,-5.214632749557495117e-01,5.956761911511421204e-02
-2.408988624811172485e-01,-7.047671675682067871e-01,7.777193188667297363e-01,-1.479153037071228027e-01,-4.063916504383087158e-01,-6.279489994049072266e-01,9.592126607894897461e-01,-5.815058350563049316e-01,2.885635197162628174e-02
-7.235162258148193359e-01,4.262099266052246094e-01,5.208598971366882324e-01,-5.296445488929748535e-01,4.302225708961486816e-01,-7.144521921873092651e-02,-4.427199959754943848e-01,7.957723736763000488e-01,-8.506470918655395508e-01
2.023217231035232544e-01,7.728042006492614746e-01,4.678754806518554688e-01,-9.637768268585205078e-01,5.737586617469787598e-01,5.736061930656433105e-01,-1.737817376852035522e-01,2.712465822696685791e-01,6.723604798316955566e-01
7.081122398376464844e-01,-6.093154549598693848e-01,-3.156660497188568115e-01,7.041451334953308105e-01,-6.926808953285217285e-01,-2.853882610797882080e-01,-5.250391736626625061e-02,-3.859116137027740479e-01,-9.049356579780578613e-01
5.953950285911560059e-01,5.740927457809448242e-01,5.253378748893737793e-01,2.359099984169006348e-01,5.347681045532226562e-01,4.954546988010406494e-01,7.680177688598632812e-01,6.200327873229980469e-01,6.917693018913269043e-01
-6.883789300918579102e-01,-6.550776958465576172e-01,-1.258806884288787842e-02,-4.501332044601440430e-01,-3.775006830692291260e-01,-9.544280171394348145e-01,-5.687834620475769043e-01,-6.544970273971557617e-01,-2.981756925582885742e-01
1.652189791202545166e-01,-3.228033185005187988e-01,-6.643427610397338867e-01,3.371232748031616211e-01,-5.287547707557678223e-01,-3.907673060894012451e-01,9.268499016761779785e-01,7.849945425987243652e-01,-6.371417641639709473e-01
5.743076652288436890e-02,5.021982789039611816e-01,-6.436121463775634766e-01,-8.663158416748046875e-01,3.709346055984497070e-01,-4.507938325405120850e-01,-4.961838126182556152e-01,-7.811558246612548828e-01,-6.185049414634704590e-01
7.159333229064941406e-01,-4.139190316200256348e-01,3.955164849758148193e-01,3.855095803737640381e-01,-3.760246932506561279e-01,4.726739823818206787e-01,5.820840597152709961e-01,-8.290213346481323242e-01,7.874935269355773926e-01
8.377318382263183594e-01,-5.141640305519104004e-01,-2.214205563068389893e-01,3.849044144153594971e-01,-5.565961003303527832e-01,6.300200223922729492e-01,3.873682320117950439e-01,-6.525613069534301758e-01,7.443438172340393066e-01
7.187613286077976227e-03,-5.429254770278930664e-01,5.368764400482177734e-01,7.723233699798583984e-01,-7.940722703933715820e-01,-8.426581323146820068e-02,6.351888775825500488e-01,-2.732784450054168701e-01,8.394421339035034180e-01
-1.964752227067947388e-01,7.450209856033325195e-01,-3.453651666641235352e-01,5.817713141441345215e-01,3.341684341430664062e-01,-4.383537769317626953e-01,-7.892652153968811035e-01,5.772999525070190430e-01,-8.298005461692810059e-01
-2.609798312187194824e-01,6.164653301239013672e-01,-6.916017532348632812e-01,-8.602005243301391602e-01,1.158155575394630432e-01,-2.724163234233856201e-01,-4.381148517131805420e-01,7.788179516792297363e-01,-6.689366698265075684e-01
-4.597443938255310059e-01,-1.769351512193679810e-01,6.451963782310485840e-01,-5.966156125068664551e-01,-3.259494900703430176e-01,7.030048370361328125e-01,-6.577879190444946289e-01,9.286822676658630371e-01,2.991752326488494873e-01
-9.091707468032836914e-01,-4.492629766464233398e-01,7.650113701820373535e-01,4.024775326251983643e-01,-5.833725929260253906e-01,-2.539263963699340820e-01,1.068659499287605286e-01,-6.766381859779357910e-01,5.918436646461486816e-01
4.100876450538635254e-01,3.912499547004699707e-01,-5.443747639656066895e-01,9.120444655418395996e-01,3.003596961498260498e-01,-6.176979541778564453e-01,-1.760599552653729916e-03,8.698894381523132324e-01,-5.675431489944458008e-01
-3.795066475868225098e-01,5.089759230613708496e-01,-4.000521004199981689e-01,-9.122421145439147949e-01,4.463373869657516479e-02,-1.704936921596527100e-01,-1.542370766401290894e-01,8.596228361129760742e-01,-9.004943966865539551e-01
-4.359104335308074951e-01,-4.609288275241851807e-01,-2.232602424919605255e-02,-5.813971161842346191e-01,-8.847326040267944336e-01,-4.615964293479919434e-01,-6.869930624961853027e-01,6.923136860132217407e-02,-8.868089914321899414e-01
2.977306544780731201e-01,4.081366658210754395e-01,-4.525170028209686279e-01,3.710290193557739258e-01,8.850874900817871094e-01,-4.979273080825805664e-01,8.795986771583557129e-01,2.237064838409423828e-01,-7.397950887680053711e-01
4.441807270050048828e-01,-5.304423570632934570e-01,-6.578981876373291016e-01,8.345727920532226562e-01,-3.967009782791137695e-01,-4.137022793292999268e-01,3.258707225322723389e-01,-7.491723299026489258e-01,-6.293014883995056152e-01
-1.271906197071075439e-01,-5.545581579208374023e-01,-3.830914497375488281e-01,-9.274628162384033203e-01,-4.418360590934753418e-01,-8.022214770317077637e-01,-3.516178429126739502e-01,-7.051568627357482910e-01,-4.579100012779235840e-01
2.352359890937805176e-01,5.160846114158630371e-01,-5.274053812026977539e-01,4.522026479244232178e-01,-1.980394572019577026e-01,-8.495585918426513672e-01,8.603352308273315430e-01,8.333289027214050293e-01,9.686190634965896606e-03
3.434529900550842285e-01,4.570389986038208008e-01,1.263411194086074829e-01,-2.470749616622924805e-01,7.912331819534301758e-01,7.096168994903564453e-01,9.060871601104736328e-01,4.062824547290802002e-01,6.931678652763366699e-01
1.309368610382080078e-01,3.176173865795135498e-01,-5.415118336677551270e-01,9.426355361938476562e-01,-2.406879514455795288e-01,-6.519849896430969238e-01,-3.070729970932006836e-01,9.171633124351501465e-01,-5.307357311248779297e-01
-5.074610710144042969e-01,-7.065811157226562500e-01,-5.250113606452941895e-01,-8.566187024116516113e-01,-4.767231047153472900e-01,-6.378276944160461426e-01,9.320811182260513306e-02,-5.229514241218566895e-01,-5.635057687759399414e-01
1.462881714105606079e-01,5.214659571647644043e-01,5.804528594017028809e-01,-4.612048268318176270e-01,5.829867124557495117e-01,4.588490128517150879e-01,8.751513361930847168e-01,6.230568289756774902e-01,6.727050542831420898e-01
-5.594560503959655762e-01,-5.608989000320434570e-01,-5.003169775009155273e-01,-5.466461777687072754e-01,2.372347953496500850e-04,-8.629692196846008301e-01,-6.230465173721313477e-01,-8.278842568397521973e-01,7.047729194164276123e-02
-6.045741438865661621e-01,5.677365660667419434e-01,-6.163610517978668213e-02,-6.342920064926147461e-01,5.900434851646423340e-01,-2.068036701530218124e-03,-4.818336069583892822e-01,5.740416646003723145e-01,-9.980964660644531250e-01
-5.849664807319641113e-01,2.260862663388252258e-02,2.847934961318969727e-01,-6.305603384971618652e-01,-3.429809808731079102e-01,-2.265571802854537964e-01,-5.101057887077331543e-01,9.390702247619628906e-01,-9.314314126968383789e-01
-6.158354282379150391e-01,4.759727120399475098e-01,1.553339660167694092e-01,-7.281436920166015625e-01,6.251850128173828125e-01,-6.576681733131408691e-01,-3.009209632873535156e-01,6.185415983200073242e-01,-7.371187210083007812e-01
-7.001559734344482422e-01,4.583950042724609375e-01,-3.834625780582427979e-01,-3.622081875801086426e-01,5.660381317138671875e-01,-7.129978537559509277e-01,-6.152940988540649414e-01,6.851822733879089355e-01,5.870183706283569336e-01
-5.679748654365539551e-01,3.953291177749633789e-01,3.352946639060974121e-01,-5.761462450027465820e-01,7.552288770675659180e-01,8.097311258316040039e-01,-5.877584815025329590e-01,5.228232741355895996e-01,4.815734028816223145e-01
2.347631454467773438e-01,3.421233594417572021e-01,4.731550812721252441e-01,-3.146433234214782715e-01,8.957726359367370605e-01,6.022093296051025391e-01,9.197205305099487305e-01,2.838008999824523926e-01,6.430149078369140625e-01
6.424973011016845703e-01,-7.313295602798461914e-01,4.794094264507293701e-01,-7.248742580413818359e-01,-6.324493288993835449e-01,6.628324389457702637e-01,-2.485046535730361938e-01,-2.552743554115295410e-01,5.751693844795227051e-01
8.424811363220214844e-01,-6.518767476081848145e-01,-4.035120904445648193e-01,2.778191566467285156e-01,-4.518108963966369629e-01,-7.066314816474914551e-01,4.615646600723266602e-01,-6.090349555015563965e-01,-5.812486410140991211e-01
4.576607942581176758e-01,-1.827049702405929565e-01,1.113980263471603394e-01,7.296211123466491699e-01,-3.935382664203643799e-01,2.866523861885070801e-01,5.081334114074707031e-01,-9.009696841239929199e-01,9.515360593795776367e-01
-5.651959776878356934e-01,5.402311682701110840e-01,-4.400181770324707031e-01,-4.324061274528503418e-01,7.294965982437133789e-01,-6.793097257614135742e-01,-7.025514245033264160e-01,4.195058047771453857e-01,-5.873008966445922852e-01
8.582468032836914062e-01,7.501153349876403809e-01,-4.557771980762481689e-01,2.534566819667816162e-01,6.212252974510192871e-01,-6.241028308868408203e-01,4.462870359420776367e-01,2.267292290925979614e-01,-6.346359848976135254e-01
8.508486151695251465e-01,-4.106865823268890381e-01,-4.358160197734832764e-01,4.458867609500885010e-01,-7.237356901168823242e-01,-6.550220251083374023e-01,2.779238224029541016e-01,-5.545657277107238770e-01,-6.172605156898498535e-01
-5.875925421714782715e-01,-4.841440916061401367e-01,2.871554195880889893e-01,-7.639959454536437988e-01,-5.395593047142028809e-01,5.380801558494567871e-01,-2.665432691574096680e-01,-6.888252496719360352e-01,-7.924717664718627930e-01
5.549632310867309570e-01,-4.322334825992584229e-01,3.768936097621917725e-01,5.701258182525634766e-01,-7.253758907318115234e-01,4.983308017253875732e-01,6.057823896408081055e-01,-5.357275009155273438e-01,7.807801365852355957e-01
8.345303684473037720e-02,5.857130289077758789e-01,-5.458835959434509277e-01,9.957256317138671875e-01,4.800188541412353516e-01,-5.084452629089355469e-01,-3.957450017333030701e-02,6.530866622924804688e-01,-6.659538149833679199e-01
2.171632051467895508e-01,4.725617468357086182e-01,3.415082991123199463e-01,-5.438472032546997070e-01,6.226149797439575195e-01,6.561691164970397949e-01,8.105987310409545898e-01,6.237275600433349609e-01,6.729146838188171387e-01
-5.296341180801391602e-01,2.892934083938598633e-01,9.154126644134521484e-01,8.459847569465637207e-01,3.246853053569793701e-01,4.005761146545410156e-01,6.162323430180549622e-02,9.004935622215270996e-01,-3.947615250945091248e-02
6.013355851173400879e-01,-4.771580696105957031e-01,4.557305276393890381e-01,5.055419802665710449e-01,-5.181715488433837891e-01,4.918926954269409180e-01,6.187267303466796875e-01,-7.098016738891601562e-01,7.418565750122070312e-01
6.827517151832580566e-01,-2.152926772832870483e-01,3.349278569221496582e-01,4.298851191997528076e-01,4.942714050412178040e-02,5.016511082649230957e-01,5.908034443855285645e-01,-9.752978682518005371e-01,7.976022958755493164e-01
2.941815853118896484e-01,3.899335861206054688e-01,4.862309694290161133e-01,3.452181518077850342e-01,2.217685282230377197e-01,8.700273633003234863e-01,8.912248015403747559e-01,8.937396407127380371e-01,8.143644779920578003e-02
-8.761014938354492188e-01,6.929034590721130371e-01,4.692735970020294189e-01,-3.729245662689208984e-01,2.324506938457489014e-01,4.009355902671813965e-01,-3.055707216262817383e-01,6.825331449508666992e-01,7.867864370346069336e-01
5.261580348014831543e-01,4.377106428146362305e-01,-2.765703201293945312e-01,-3.700701296329498291e-01,5.372904539108276367e-01,-7.047187089920043945e-01,-7.656407952308654785e-01,7.209219336509704590e-01,-6.533607840538024902e-01
2.946603596210479736e-01,2.842941693961620331e-02,-5.854351520538330078e-01,4.482027888298034668e-01,-4.746195077896118164e-01,-3.829265832901000977e-01,-8.439725041389465332e-01,-8.797318935394287109e-01,-7.145859003067016602e-01
-4.799234494566917419e-02,2.338746190071105957e-01,3.930892646312713623e-01,-9.109838306903839111e-02,9.712011218070983887e-01,1.017377302050590515e-01,-9.946847558021545410e-01,4.550958424806594849e-02,9.138545989990234375e-01
8.460159301757812500e-01,5.099222660064697266e-01,3.290581703186035156e-01,4.450347721576690674e-01,4.589792490005493164e-01,-2.759475708007812500e-01,2.936000525951385498e-01,7.275419235229492188e-01,-9.030911326408386230e-01
-1.757356971502304077e-01,-4.571040272712707520e-01,-5.300084352493286133e-01,-1.629762053489685059e-01,-6.819249391555786133e-01,-1.253173053264617920e-01,-9.708530902862548828e-01,-5.709941387176513672e-01,-8.386814594268798828e-01
-6.491200923919677734e-01,-2.203648090362548828e-01,5.407104492187500000e-01,-3.823558092117309570e-01,-3.889030218124389648e-01,-8.403117656707763672e-01,-6.576071977615356445e-01,8.945354819297790527e-01,-3.883768618106842041e-02
5.823680758476257324e-01,1.823534816503524780e-01,-2.125332355499267578e-01,3.742628693580627441e-01,6.794591993093490601e-02,-9.060685038566589355e-01,7.216472625732421875e-01,9.808825254440307617e-01,-3.658819198608398438e-01
-7.142074704170227051e-01,5.300160646438598633e-01,3.083591163158416748e-01,-6.622343063354492188e-01,5.371234416961669922e-01,3.986263573169708252e-01,2.266130596399307251e-01,6.561869978904724121e-01,8.637197017669677734e-01
6.124207377433776855e-01,2.054951153695583344e-02,1.189474910497665405e-01,4.436163902282714844e-01,9.404242038726806641e-01,-7.350643277168273926e-01,6.543281674385070801e-01,3.393818438053131104e-01,-6.674817800521850586e-01
-8.772633075714111328e-01,-4.820689857006072998e-01,-2.024828344583511353e-01,-3.807761967182159424e-01,-6.063236594200134277e-01,-1.887099444866180420e-01,-2.922645211219787598e-01,-6.324405670166015625e-01,-9.609314203262329102e-01
9.328544735908508301e-01,7.196187973022460938e-01,3.109876997768878937e-02,3.596134185791015625e-01,3.719902932643890381e-01,-3.375918269157409668e-01,2.146279625594615936e-02,5.863207578659057617e-01,-9.407787919044494629e-01
-7.233858108520507812e-01,-5.111539959907531738e-01,3.916541635990142822e-01,-2.907741069793701172e-01,-6.085233688354492188e-01,-3.685663938522338867e-01,-6.262294650077819824e-01,-6.069769263267517090e-01,-8.430693149566650391e-01
6.979778409004211426e-01,-6.004270911216735840e-01,-6.203578710556030273e-01,3.421763479709625244e-01,-1.467200815677642822e-01,-4.886280894279479980e-01,6.290804743766784668e-01,-7.861046791076660156e-01,-6.135134100914001465e-01
6.897864341735839844e-01,6.084298491477966309e-01,-3.257898092269897461e-01,-1.420651376247406006e-01,5.744637250900268555e-01,-4.060444533824920654e-01,-7.099381685256958008e-01,5.475441217422485352e-01,-8.538084626197814941e-01
-8.235528469085693359e-01,7.005977630615234375e-01,-3.678267896175384521e-01,-5.047972202301025391e-01,4.911497533321380615e-01,-4.229109585285186768e-01,-2.587285339832305908e-01,5.176241397857666016e-01,-8.281604051589965820e-01
5.639290809631347656e-01,5.008507370948791504e-01,2.626480162143707275e-01,4.938995242118835449e-01,-2.051086723804473877e-01,6.607700586318969727e-01,6.618514657020568848e-01,-8.408798575401306152e-01,7.031350731849670410e-01
-1.440833061933517456e-01,7.494477182626724243e-02,8.387330770492553711e-01,-3.372307717800140381e-01,-9.807182550430297852e-01,3.915672600269317627e-01,-9.303308725357055664e-01,1.804852485656738281e-01,3.784202635288238525e-01
-9.869412779808044434e-01,9.691540598869323730e-01,3.619511425495147705e-01,2.495655603706836700e-02,2.239608615636825562e-01,5.592063665390014648e-01,1.591357737779617310e-01,1.028683558106422424e-01,7.458415627479553223e-01
-6.634131073951721191e-01,-5.438412427902221680e-01,5.266969799995422363e-01,-4.376331269741058350e-01,3.375955224037170410e-01,-2.395477741956710815e-01,-6.069268584251403809e-01,7.682876586914062500e-01,-8.156023025512695312e-01
9.828090071678161621e-01,6.757783889770507812e-01,-3.183000981807708740e-01,1.380022019147872925e-01,5.815334916114807129e-01,-2.386780232191085815e-01,1.226451024413108826e-01,4.529265165328979492e-01,-9.174517989158630371e-01
6.794343590736389160e-01,5.607668161392211914e-01,-4.829038679599761963e-01,5.227094292640686035e-01,4.193291664123535156e-01,-3.078989386558532715e-01,5.149211883544921875e-01,7.139352560043334961e-01,-8.197573423385620117e-01
6.919453144073486328e-01,-4.886135160923004150e-01,-5.360016599297523499e-02,3.672071695327758789e-01,-5.145399570465087891e-01,-6.453856229782104492e-01,6.215871572494506836e-01,-7.046313881874084473e-01,-7.619739770889282227e-01
4.561130702495574951e-01,4.901497662067413330e-01,-6.661415100097656250e-01,-2.319681346416473389e-01,7.472687363624572754e-01,4.434508085250854492e-02,8.591575622558593750e-01,4.487123191356658936e-01,7.445058822631835938e-01
9.031111001968383789e-01,4.457376897335052490e-01,5.820461511611938477e-01,-2.424114793539047241e-01,5.012277364730834961e-01,4.036855101585388184e-01,-3.544389903545379639e-01,7.416796684265136719e-01,-7.058755755424499512e-01
6.779991090297698975e-02,1.948793828487396240e-01,-5.748186707496643066e-01,-7.770504951477050781e-01,-2.604425549507141113e-01,-6.108056902885437012e-01,-6.257761716842651367e-01,9.456171393394470215e-01,-5.445180535316467285e-01
-3.071953654289245605e-01,-3.393312096595764160e-01,5.894193053245544434e-01,-7.353915572166442871e-01,1.326952874660491943e-01,-1.070441529154777527e-01,-6.040117144584655762e-01,-9.312606453895568848e-01,8.007036447525024414e-01
3.110281527042388916e-01,-1.992995589971542358e-01,5.180635452270507812e-01,-6.035581231117248535e-01,4.198616147041320801e-01,5.577632784843444824e-01,7.341518998146057129e-01,-8.854354023933410645e-01,6.484676003456115723e-01
9.344360232353210449e-02,-4.313810542225837708e-02,4.672572016716003418e-01,5.888248085975646973e-01,-4.552250206470489502e-01,6.054018735885620117e-01,-8.028410077095031738e-01,-8.893308043479919434e-01,6.443285942077636719e-01
4.306415319442749023e-01,-4.648743569850921631e-01,-4.689455926418304443e-01,-4.195660650730133057e-01,-6.162833571434020996e-01,-5.370991230010986328e-01,7.990696430206298828e-01,-6.356780529022216797e-01,-7.011523246765136719e-01
-5.762239694595336914e-01,4.025853872299194336e-01,-6.949911117553710938e-01,6.202328801155090332e-01,6.327913403511047363e-01,-3.134010732173919678e-01,-5.322378277778625488e-01,6.614379286766052246e-01,-6.471222043037414551e-01
2.340023517608642578e-01,4.301224946975708008e-01,-5.972612500190734863e-01,-9.437922835350036621e-01,6.371183395385742188e-01,-5.464619398117065430e-01,2.334503978490829468e-01,6.395895481109619141e-01,-5.870761275291442871e-01
4.340143799781799316e-01,8.017160296440124512e-01,-5.304867029190063477e-01,8.066023141145706177e-02,1.216436997056007385e-01,-5.632246732711791992e-01,8.972878456115722656e-01,-5.851959586143493652e-01,-6.335312128067016602e-01
-2.533843815326690674e-01,-6.140613555908203125e-01,-6.635690331459045410e-01,-7.187047600746154785e-01,4.100919961929321289e-01,-6.402785181999206543e-01,-6.475027799606323242e-01,-6.743538975715637207e-01,-3.869359493255615234e-01
8.990810513496398926e-01,-5.951916575431823730e-01,-5.129216313362121582e-01,1.916545629501342773e-01,-4.140772521495819092e-01,-4.296074807643890381e-01,3.936012089252471924e-01,-6.886848807334899902e-01,-7.432017922401428223e-01
7.920106649398803711e-01,-3.682560324668884277e-01,-9.997510164976119995e-02,4.892266094684600830e-01,-5.536407828330993652e-01,-3.896473646163940430e-01,3.652071952819824219e-01,-7.469065785408020020e-01,-9.155216813087463379e-01
9.919941425323486328e-01,-8.922061920166015625e-01,2.919382154941558838e-01,5.393988918513059616e-03,-3.224369585514068604e-01,5.149480700492858887e-01,1.261691004037857056e-01,-3.162317574024200439e-01,8.059780001640319824e-01
