-1.273746043443679810e-01,6.658818125724792480e-01,5.261321067810058594e-01,-1.434027999639511108e-01,7.405528426170349121e-01,4.809860885143280029e-01,9.814333319664001465e-01,-9.045872092247009277e-02,7.013111710548400879e-01
-2.451608180999755859e-01,1.647040396928787231e-01,-7.178857326507568359e-01,7.661520689725875854e-02,-5.058990716934204102e-01,-2.851640582084655762e-01,-9.664502739906311035e-01,-8.467223644256591797e-01,-6.350759267807006836e-01
2.697551846504211426e-01,-4.898535311222076416e-01,4.844401776790618896e-01,-7.508675456047058105e-01,-7.829616069793701172e-01,5.865563154220581055e-01,6.028516292572021484e-01,-3.834247887134552002e-01,6.490526795387268066e-01
2.395956963300704956e-02,2.769822720438241959e-03,5.187050104141235352e-01,-6.087197661399841309e-01,9.981145858764648438e-01,4.325561523437500000e-01,-7.930234074592590332e-01,6.131562218070030212e-02,7.374553084373474121e-01
4.223199188709259033e-01,-2.303997576236724854e-01,5.056604743003845215e-01,6.599230766296386719e-01,-5.290286540985107422e-01,3.125450313091278076e-01,6.214075684547424316e-01,-8.167279958724975586e-01,8.041288256645202637e-01
-4.429445564746856689e-01,6.132406592369079590e-01,-4.655586183071136475e-02,-3.840167820453643799e-01,6.740322709083557129e-01,-5.910993218421936035e-01,-8.101426959037780762e-01,4.118452072143554688e-01,-8.052541017532348633e-01
-6.656094789505004883e-01,9.320860505104064941e-01,6.378118693828582764e-02,-3.819746673107147217e-01,2.274678051471710205e-01,-9.972836971282958984e-01,-6.411392092704772949e-01,-2.819114923477172852e-01,-3.684064745903015137e-02
-8.685158491134643555e-01,4.070278108119964600e-01,-4.897447526454925537e-01,-3.476515710353851318e-01,4.063237905502319336e-01,5.949996113777160645e-01,3.532967865467071533e-01,8.180643916130065918e-01,6.372798681259155273e-01
-8.422147631645202637e-01,8.757277727127075195e-01,-4.389908611774444580e-01,-4.156272411346435547e-01,3.041516244411468506e-01,-4.280449151992797852e-01,-3.434069156646728516e-01,3.749569356441497803e-01,-7.899775505065917969e-01
6.403626203536987305e-01,3.568861186504364014e-01,-2.002790719270706177e-01,7.610881924629211426e-01,3.220323622226715088e-01,-1.595071852207183838e-01,1.033458411693572998e-01,8.768851161003112793e-01,-9.666672945022583008e-01
-3.167650103569030762e-01,-7.665256261825561523e-01,5.309886336326599121e-01,-9.322757124900817871e-01,-1.450046300888061523e-01,4.423748850822448730e-01,-1.747054010629653931e-01,-6.256293654441833496e-01,7.227417230606079102e-01
-6.193822026252746582e-01,4.556983709335327148e-01,5.640495419502258301e-01,-6.101171970367431641e-01,-9.833461046218872070e-02,6.163080334663391113e-01,-4.940878152847290039e-01,8.846859931945800781e-01,5.495566129684448242e-01
7.235673666000366211e-01,4.140344560146331787e-01,-3.182991147041320801e-01,5.458588004112243652e-01,4.521411061286926270e-01,2.455905973911285400e-01,4.224789142608642578e-01,7.900278568267822266e-01,9.156259894371032715e-01
-8.174045085906982422e-01,5.635555386543273926e-01,-5.166131854057312012e-01,-5.079983472824096680e-01,4.824533760547637939e-01,-3.987339437007904053e-01,2.716389894485473633e-01,6.705548763275146484e-01,-7.577084898948669434e-01
6.981660723686218262e-01,7.021227478981018066e-01,3.899105191230773926e-01,6.616746634244918823e-02,4.293366074562072754e-01,-4.341275095939636230e-01,-7.128716707229614258e-01,5.680614113807678223e-01,-8.120979666709899902e-01
-7.690867185592651367e-01,-6.140922904014587402e-01,-3.765435814857482910e-01,-6.391441226005554199e-01,-4.102347493171691895e-01,-5.611553788185119629e-01,6.902680033817887306e-04,-6.742388606071472168e-01,-7.371021509170532227e-01
5.098897218704223633e-01,-6.372460126876831055e-01,4.023725986480712891e-01,1.078005805611610413e-01,-7.291666865348815918e-01,7.724323272705078125e-01,8.534585237503051758e-01,-2.494665235280990601e-01,4.913700222969055176e-01
-6.419815421104431152e-01,-5.998097062110900879e-01,-1.174208447337150574e-01,-6.978642344474792480e-01,-6.415518522262573242e-01,-1.729787886142730713e-01,-3.175614178180694580e-01,-4.781627655029296875e-01,-9.779011607170104980e-01
2.130709439516067505e-01,7.931054830551147461e-01,-5.800542235374450684e-01,4.000064432621002197e-01,5.683190226554870605e-01,-4.824271798133850098e-02,8.914009332656860352e-01,2.190825492143630981e-01,-8.131480216979980469e-01
-5.308336615562438965e-01,-1.901286393404006958e-01,-5.903563499450683594e-01,-3.962983489036560059e-01,-1.037098318338394165e-01,-5.151183605194091797e-01,-7.491083145141601562e-01,9.762660264968872070e-01,-6.213955283164978027e-01
4.749239683151245117e-01,-5.814633369445800781e-01,1.283222287893295288e-01,4.872952997684478760e-01,-5.703852176666259766e-01,-2.439050376415252686e-02,7.327963709831237793e-01,-5.801388621330261230e-01,9.914325475692749023e-01
-7.387243509292602539e-01,5.202034711837768555e-01,4.769949018955230713e-01,-3.402476906776428223e-01,6.383970379829406738e-01,5.933362245559692383e-01,5.818227529525756836e-01,5.673072338104248047e-01,6.484041810035705566e-01
-2.687050700187683105e-01,5.258181691169738770e-01,-6.940631866455078125e-01,-4.408381283283233643e-01,7.439031600952148438e-01,-2.292120903730392456e-01,-8.564223647117614746e-01,4.124601185321807861e-01,-6.824501752853393555e-01
6.431999206542968750e-01,2.254791408777236938e-01,-4.611858725547790527e-01,6.607568860054016113e-01,3.380540013313293457e-01,-3.203857243061065674e-01,3.869034349918365479e-01,9.137169718742370605e-01,-8.274421691894531250e-01
-2.126877754926681519e-02,6.399900913238525391e-01,-5.946615338325500488e-01,-4.777433276176452637e-01,7.012915611267089844e-01,1.516683548688888550e-01,-8.782420158386230469e-01,3.140107989311218262e-01,-7.895406484603881836e-01
7.141183018684387207e-01,7.036654353141784668e-01,-6.049451231956481934e-01,3.023109436035156250e-01,3.903163075447082520e-01,-4.346891045570373535e-01,6.313819289207458496e-01,5.937240719795227051e-01,-6.671481728553771973e-01
5.756427645683288574e-01,-7.331288456916809082e-01,4.623754918575286865e-01,4.370268583297729492e-01,-2.507711350917816162e-01,7.094962000846862793e-01,6.911171674728393555e-01,-6.321676373481750488e-01,-5.318119525909423828e-01
-3.245114088058471680e-01,-6.655613183975219727e-01,-6.502105295658111572e-02,-3.982306420803070068e-01,-6.144596338272094727e-01,-3.696061670780181885e-01,-8.579654693603515625e-01,-4.236360788345336914e-01,-9.269106984138488770e-01
5.544282197952270508e-01,8.674132227897644043e-01,4.311606585979461670e-01,-3.654358983039855957e-01,3.712885975837707520e-01,5.426519513130187988e-01,7.477070689201354980e-01,3.312687277793884277e-01,7.208532691001892090e-01
4.615851640701293945e-01,8.664503097534179688e-01,9.299713373184204102e-02,5.415239930152893066e-01,4.509535431861877441e-01,-2.032273560762405396e-01,7.026314735412597656e-01,2.142540961503982544e-01,-9.747051596641540527e-01
5.270642638206481934e-01,8.155220746994018555e-02,-1.128782406449317932e-01,5.344697833061218262e-01,-4.234718680381774902e-01,-5.148581862449645996e-01,6.607158184051513672e-01,-9.022309780120849609e-01,-8.498114943504333496e-01
-2.953775823116302490e-01,3.332550525665283203e-01,5.196809172630310059e-01,1.597894430160522461e-01,-7.521964907646179199e-01,6.373363137245178223e-01,-9.419232606887817383e-01,-5.684552788734436035e-01,5.689764618873596191e-01
3.069370687007904053e-01,-5.869639571756124496e-03,-6.616879105567932129e-01,9.143382310867309570e-01,-8.645426630973815918e-01,-3.025251030921936035e-01,-2.641500830650329590e-01,-5.025251507759094238e-01,-6.860376596450805664e-01
4.955551028251647949e-01,-4.618880748748779297e-01,-1.860788464546203613e-01,5.831099748611450195e-01,-4.770833253860473633e-01,-3.339503705501556396e-01,6.437451839447021484e-01,-7.476970553398132324e-01,9.240409731864929199e-01
-1.378504335880279541e-01,2.369968146085739136e-01,5.079988837242126465e-01,6.018446087837219238e-01,9.132251739501953125e-01,4.197784662246704102e-01,-7.866259217262268066e-01,3.314397037029266357e-01,7.521457672119140625e-01
-1.033705547451972961e-01,2.928983867168426514e-01,-7.198193073272705078e-01,9.292371869087219238e-01,5.305829644203186035e-01,-3.777160942554473877e-01,3.547290265560150146e-01,7.954195141792297363e-01,-5.824007987976074219e-01
-2.824714779853820801e-01,-3.410344123840332031e-01,5.909766554832458496e-01,-2.635485231876373291e-01,-2.761880159378051758e-01,7.161213159561157227e-01,9.223622083663940430e-01,-8.985631465911865234e-01,3.713715672492980957e-01
4.352343454957008362e-02,3.522453010082244873e-01,-7.216811180114746094e-01,-3.848047554492950439e-01,5.437778830528259277e-01,8.697341382503509521e-02,9.219713211059570312e-01,7.617275118827819824e-01,-6.867400407791137695e-01
-8.900591731071472168e-02,4.551434516906738281e-01,-5.130420327186584473e-01,7.249217033386230469e-01,1.475294828414916992e-01,-7.668582797050476074e-01,6.830566525459289551e-01,8.781113624572753906e-01,-3.856375217437744141e-01
-4.428583383560180664e-01,-6.243652105331420898e-01,-4.450145363807678223e-01,-3.175268471240997314e-01,-4.534558355808258057e-01,-5.652265548706054688e-01,8.384827375411987305e-01,-6.360391974449157715e-01,-6.946085691452026367e-01
-8.136690407991409302e-02,8.852388858795166016e-01,-5.206229090690612793e-01,-2.635026872158050537e-01,4.342878460884094238e-01,-6.557986736297607422e-01,-9.612209796905517578e-01,1.665717065334320068e-01,-5.466991066932678223e-01
9.955080598592758179e-02,9.825766086578369141e-01,4.960462749004364014e-01,-6.633353978395462036e-02,1.131343767046928406e-01,7.200289964675903320e-01,9.928189516067504883e-01,1.474578976631164551e-01,4.852796494960784912e-01
-4.566314518451690674e-01,-6.410687565803527832e-01,-2.435276061296463013e-01,2.071277797222137451e-01,-7.343059778213500977e-01,-8.272029161453247070e-01,8.652084469795227051e-01,-2.232161462306976318e-01,5.063889026641845703e-01
7.669268250465393066e-01,-1.637072116136550903e-01,2.461544871330261230e-01,5.727543234825134277e-01,-9.777913689613342285e-01,7.017605900764465332e-01,2.894403040409088135e-01,1.308591514825820923e-01,6.685357689857482910e-01
7.973195314407348633e-01,8.759170174598693848e-01,2.631116509437561035e-01,5.359805822372436523e-01,1.268642246723175049e-01,5.834527015686035156e-01,-2.775001525878906250e-01,4.654834270477294922e-01,7.683457136154174805e-01
2.586339116096496582e-01,7.452834844589233398e-01,3.123287558555603027e-01,1.306813359260559082e-01,4.372330904006958008e-01,4.338295757770538330e-01,-9.570950269699096680e-01,5.033684372901916504e-01,8.451287746429443359e-01
-3.586804261431097984e-03,3.275336623191833496e-01,-6.928040981292724609e-01,5.999470353126525879e-01,-6.099790334701538086e-01,-5.007266998291015625e-01,8.000316619873046875e-01,-7.215589284896850586e-01,-5.189365744590759277e-01
-3.484301567077636719e-01,-5.010510087013244629e-01,5.058982968330383301e-01,-9.346929788589477539e-01,-3.292197287082672119e-01,5.608584880828857422e-01,-7.032398134469985962e-02,-8.003513216972351074e-01,6.553660631179809570e-01
1.958574727177619934e-02,-6.845482625067234039e-03,-4.675457775592803955e-01,9.975108504295349121e-01,-3.432376310229301453e-02,-4.067821204662322998e-01,6.773858517408370972e-02,9.993873238563537598e-01,-7.848116159439086914e-01
3.198942244052886963e-01,4.158178567886352539e-01,-3.605404794216156006e-01,9.356943368911743164e-01,8.445078730583190918e-01,-4.537271261215209961e-01,1.488081216812133789e-01,3.374935686588287354e-01,-8.149492144584655762e-01
8.721002340316772461e-01,-5.476275682449340820e-01,2.574650049209594727e-01,4.356050193309783936e-01,-4.410720765590667725e-01,3.920372426509857178e-01,-2.229112833738327026e-01,-7.110270261764526367e-01,8.831865191459655762e-01
6.822422146797180176e-01,6.921216845512390137e-01,-4.540374279022216797e-01,5.313898921012878418e-01,3.682195246219635010e-01,-6.263586878776550293e-01,-5.021656751632690430e-01,6.207913756370544434e-01,-6.336598396301269531e-01
7.226097583770751953e-01,-6.844740509986877441e-01,3.515372872352600098e-01,4.701023995876312256e-01,-3.955916762351989746e-01,4.989120960235595703e-01,5.067926049232482910e-01,-6.123744249343872070e-01,7.921541333198547363e-01
7.762745618820190430e-01,6.049586534500122070e-01,-3.996946513652801514e-01,4.220280647277832031e-01,3.418396413326263428e-01,-5.919174551963806152e-01,4.682843387126922607e-01,7.191457748413085938e-01,6.999127864837646484e-01
3.213590979576110840e-01,-3.162983953952789307e-01,4.562601745128631592e-01,4.570930600166320801e-01,-4.937869906425476074e-01,5.782083272933959961e-01,-8.293336629867553711e-01,-8.100183010101318359e-01,6.763887405395507812e-01
-7.903313040733337402e-01,-5.933068394660949707e-01,2.024622112512588501e-01,-3.965015113353729248e-01,-4.619120061397552490e-01,5.332952141761779785e-01,-4.670791923999786377e-01,-6.592603921890258789e-01,8.213436007499694824e-01
-4.378296434879302979e-01,-7.444452047348022461e-01,6.266778111457824707e-01,-3.513672351837158203e-01,-5.909615755081176758e-01,7.030208110809326172e-01,-8.275544643402099609e-01,3.107503056526184082e-01,3.362093567848205566e-01
1.583461910486221313e-01,5.295110940933227539e-01,3.001802861690521240e-01,9.817114472389221191e-01,-3.593362867832183838e-01,7.529267072677612305e-01,1.056843921542167664e-01,7.684370279312133789e-01,5.856561660766601562e-01
4.447565376758575439e-01,6.269792914390563965e-01,-5.516189932823181152e-01,5.202709436416625977e-01,-7.427121400833129883e-01,-8.338276743888854980e-01,7.290471792221069336e-01,2.351077198982238770e-01,2.116512507200241089e-02
-1.865668147802352905e-01,-5.148962736129760742e-01,-6.423718333244323730e-01,-3.094489574432373047e-01,-2.364834547042846680e-01,-6.442282795906066895e-01,-9.324345588684082031e-01,-8.239886760711669922e-01,-4.151244759559631348e-01
1.271780859678983688e-02,4.762442708015441895e-01,-5.491493940353393555e-01,2.684276103973388672e-01,6.692621707916259766e-01,4.576850831508636475e-01,9.632158279418945312e-01,5.703327655792236328e-01,-6.992561817169189453e-01
-4.626962542533874512e-01,7.442716956138610840e-01,-5.602055788040161133e-01,5.263030529022216797e-01,2.337374836206436157e-01,-5.420607328414916992e-01,-7.133844494819641113e-01,-6.256408691406250000e-01,-6.263704299926757812e-01
8.419829010963439941e-01,7.900723814964294434e-01,-5.842926502227783203e-01,1.240429431200027466e-01,5.923535823822021484e-01,2.458706945180892944e-01,5.250506401062011719e-01,1.578065305948257446e-01,7.734013795852661133e-01
-3.224389851093292236e-01,2.373654842376708984e-01,-6.639893651008605957e-01,-7.642273902893066406e-01,8.986707925796508789e-01,-1.690154671669006348e-01,-5.585603713989257812e-01,-3.688473105430603027e-01,-7.283899188041687012e-01
-2.670089006423950195e-01,-6.566127538681030273e-01,6.157076954841613770e-01,6.862478852272033691e-01,-4.483675658702850342e-01,2.607859969139099121e-01,-6.765871047973632812e-01,-6.064867973327636719e-01,7.435688376426696777e-01
4.730736911296844482e-01,-5.494882464408874512e-01,-3.326124548912048340e-01,2.727015912532806396e-01,-3.315130472183227539e-01,-3.033218383789062500e-01,-8.377560377120971680e-01,-7.669169902801513672e-01,-8.929528594017028809e-01
-9.279994368553161621e-01,4.426227807998657227e-01,-4.813076555728912354e-01,-2.418080419301986694e-01,4.713768064975738525e-01,-6.669107079505920410e-01,2.834534645080566406e-01,7.628164291381835938e-01,-5.688348412513732910e-01
3.749378323554992676e-01,-5.149217844009399414e-01,5.614054799079895020e-01,4.243690669536590576e-01,-7.466769218444824219e-01,3.233311772346496582e-01,8.242163062095642090e-01,4.211046099662780762e-01,7.617617249488830566e-01
-5.293059945106506348e-01,4.195909798145294189e-01,1.421659886837005615e-01,-1.641705483198165894e-01,8.236401677131652832e-01,5.617489814758300781e-01,-8.323960304260253906e-01,3.815235793590545654e-01,8.150011897087097168e-01
3.357013165950775146e-01,4.890550374984741211e-01,-9.409016966819763184e-01,-5.538001656532287598e-01,6.861715316772460938e-01,-2.357889264822006226e-01,7.619776725769042969e-01,5.385106801986694336e-01,-2.431204617023468018e-01
4.719610214233398438e-01,-4.447706937789916992e-01,-3.817862272262573242e-01,-5.728721618652343750e-02,-8.284109234809875488e-01,-7.574058771133422852e-01,8.797562122344970703e-01,-3.404622077941894531e-01,-5.296939611434936523e-01
-9.049316495656967163e-02,4.940369725227355957e-01,-3.308738768100738525e-01,-8.043395280838012695e-01,5.527567267417907715e-01,-5.852484107017517090e-01,5.872383713722229004e-01,6.711091399192810059e-01,-7.402747869491577148e-01
1.765291243791580200e-01,-4.760742187500000000e-01,5.596897602081298828e-01,6.840627193450927734e-01,-7.106072902679443359e-01,1.414447724819183350e-01,-7.077398300170898438e-01,-5.180643796920776367e-01,8.165419101715087891e-01
2.258601486682891846e-01,4.605177640914916992e-01,-9.055302739143371582e-01,3.231880068778991699e-01,7.972602248191833496e-01,-3.850716650485992432e-01,9.189867973327636719e-01,3.902556598186492920e-01,1.781424134969711304e-01
-2.709968015551567078e-02,-3.413615226745605469e-01,-4.410880804061889648e-01,9.983652830123901367e-01,-3.087287843227386475e-01,-7.118501663208007812e-01,-5.032386630773544312e-02,-8.877831101417541504e-01,-5.465442538261413574e-01
2.583484053611755371e-01,7.303614616394042969e-01,-6.319322586059570312e-01,2.594341635704040527e-01,3.552882373332977295e-01,-6.323350667953491211e-01,9.305643439292907715e-01,5.833887457847595215e-01,-4.481227695941925049e-01
2.472188621759414673e-01,-4.271670281887054443e-01,-2.204359918832778931e-01,4.713036119937896729e-01,-8.885878324508666992e-01,-5.233253240585327148e-01,8.466143608093261719e-01,-1.671526879072189331e-01,-8.231272697448730469e-01
4.176701009273529053e-01,6.026915907859802246e-01,5.450765490531921387e-01,5.313428640365600586e-01,7.959169745445251465e-01,4.131046533584594727e-01,7.370389103889465332e-01,-5.726390331983566284e-02,7.295451760292053223e-01
-1.060077026486396790e-01,-2.808626741170883179e-02,5.058820843696594238e-01,-5.611364841461181641e-01,-8.185759186744689941e-01,6.253095269203186035e-01,8.209069967269897461e-01,-5.737113356590270996e-01,5.941980481147766113e-01
-2.551814317703247070e-01,-3.863498270511627197e-01,-2.292112261056900024e-01,-8.298611640930175781e-01,-3.704805374145507812e-01,-2.894123494625091553e-01,-4.961983561515808105e-01,-8.446762561798095703e-01,-9.293560981750488281e-01
-3.137451410293579102e-01,2.388476580381393433e-01,-4.706811606884002686e-01,-2.430906444787979126e-01,6.189291477203369141e-01,-8.538225889205932617e-01,9.178621768951416016e-01,7.482503056526184082e-01,-2.223653495311737061e-01
6.060837209224700928e-02,2.482321560382843018e-01,-3.926104605197906494e-01,-9.282432794570922852e-01,7.437052726745605469e-01,-6.292574405670166016e-01,-3.670027852058410645e-01,6.207119226455688477e-01,-6.707399487495422363e-01
1.418545395135879517e-01,-6.102833747863769531e-01,-4.712478220462799072e-01,-7.307314276695251465e-01,-7.665147185325622559e-01,-5.831977725028991699e-01,-6.677641272544860840e-01,-2.000233381986618042e-01,-6.616690158843994141e-01
4.761433601379394531e-01,-2.595956325531005859e-01,-4.719265699386596680e-01,4.890553057193756104e-01,-9.605269432067871094e-01,-8.682774901390075684e-01,7.308298945426940918e-01,-9.999019652605056763e-02,-1.529036313295364380e-01
-6.949892640113830566e-01,-5.303529500961303711e-01,5.448807477951049805e-01,-9.624996781349182129e-02,-6.044153571128845215e-01,5.325137376785278320e-01,-7.125488519668579102e-01,-5.944811701774597168e-01,6.477144956588745117e-01
3.669681251049041748e-01,-4.971622526645660400e-01,6.619725227355957031e-01,7.842350006103515625e-01,1.104314029216766357e-01,3.173420727252960205e-01,5.003097653388977051e-01,-8.606013059616088867e-01,6.790333986282348633e-01
5.013263821601867676e-01,-4.174611270427703857e-01,-4.390025138854980469e-01,7.890225052833557129e-01,-1.169986203312873840e-01,-4.784567356109619141e-01,3.551271855831146240e-01,-9.011312723159790039e-01,-7.604972124099731445e-01
-7.968369126319885254e-01,-7.280470728874206543e-01,5.702139139175415039e-01,-5.853980183601379395e-01,-4.766601622104644775e-01,6.502460241317749023e-01,1.495335251092910767e-01,-4.926891326904296875e-01,5.020319819450378418e-01
6.325115561485290527e-01,-5.057885050773620605e-01,-3.799061179161071777e-01,-1.216092854738235474e-01,-7.990095615386962891e-01,-5.232854485511779785e-01,7.649447321891784668e-01,-3.252101540565490723e-01,-7.627868056297302246e-01
-6.008806824684143066e-01,-5.126009583473205566e-01,5.402567386627197266e-01,-6.907843798398971558e-02,-7.948850989341735840e-01,4.317467212677001953e-01,-7.963483333587646484e-01,-3.246504664421081543e-01,7.223001122474670410e-01
-2.489894330501556396e-01,-3.891833722591400146e-01,-4.211376607418060303e-01,-2.617166936397552490e-01,-4.705956280231475830e-01,-8.008762001991271973e-01,9.324745535850524902e-01,-7.918812632560729980e-01,-4.257232248783111572e-01
-2.883606851100921631e-01,7.398590445518493652e-01,-5.637783408164978027e-01,-9.059789180755615234e-01,4.222969412803649902e-01,-5.332276821136474609e-01,-3.099197447299957275e-01,5.237115621566772461e-01,-6.307315826416015625e-01
6.030017137527465820e-02,-5.063420534133911133e-01,-3.955087959766387939e-01,-6.033133268356323242e-01,-6.873167753219604492e-01,-6.900516748428344727e-01,7.952212691307067871e-01,-5.207814574241638184e-01,-6.061365008354187012e-01
-6.256805658340454102e-01,-4.363551437854766846e-01,-5.427920818328857422e-01,7.683278322219848633e-01,-8.102957010269165039e-01,-4.452644288539886475e-01,-1.348932385444641113e-01,-3.911715447902679443e-01,-7.121210694313049316e-01
4.256609082221984863e-01,-4.640934467315673828e-01,6.162891387939453125e-01,8.908252120018005371e-01,-4.256140291690826416e-01,6.137325167655944824e-01,-1.588810682296752930e-01,-7.768333554267883301e-01,4.934775233268737793e-01
3.280330300331115723e-01,3.759502470493316650e-01,-5.973231792449951172e-01,7.636502981185913086e-01,-7.216740250587463379e-01,8.641245216131210327e-02,5.560867190361022949e-01,5.812469124794006348e-01,-7.973318099975585938e-01
4.594798982143402100e-01,3.847434520721435547e-01,-4.520161449909210205e-01,-4.706528186798095703e-01,8.274822235107421875e-01,-3.063500821590423584e-01,-7.532358765602111816e-01,4.089567959308624268e-01,-8.377535939216613770e-01
-3.382523655891418457e-01,7.159141898155212402e-01,-4.976597130298614502e-01,2.046839743852615356e-01,-5.859356522560119629e-01,-6.001512408256530762e-01,-9.185258746147155762e-01,-3.796659111976623535e-01,-6.262214779853820801e-01
-3.756465613842010498e-01,5.290127992630004883e-01,-5.421749353408813477e-01,-8.705250620841979980e-01,1.199046373367309570e-01,-4.948622882366180420e-01,-3.179241120815277100e-01,8.401001691818237305e-01,-6.790859699249267578e-01
-2.542219161987304688e-01,6.383458971977233887e-01,-4.670990705490112305e-01,9.518412351608276367e-01,5.359653830528259277e-01,-3.556481301784515381e-01,1.713753640651702881e-01,5.524995326995849609e-01,-8.095263242721557617e-01
3.901820257306098938e-02,-4.108462929725646973e-01,-8.431661128997802734e-01,-9.408970922231674194e-02,-6.258625984191894531e-01,-5.213577747344970703e-01,9.947988390922546387e-01,-6.629490256309509277e-01,-1.313660144805908203e-01
7.101781368255615234e-01,4.261497259140014648e-01,7.913594841957092285e-01,-2.318330109119415283e-01,6.788181662559509277e-01,4.485733509063720703e-01,6.647559404373168945e-01,5.979985594749450684e-01,4.153698980808258057e-01
2.902711331844329834e-01,-4.428778290748596191e-01,5.602416396141052246e-01,9.508414268493652344e-01,-1.833988875150680542e-01,5.285590291023254395e-01,-1.079046055674552917e-01,-8.776240944862365723e-01,6.377731561660766602e-01
2.809554934501647949e-01,-4.220696091651916504e-01,5.535078644752502441e-01,8.560618758201599121e-01,-3.480837345123291016e-01,6.420853734016418457e-01,4.338456392288208008e-01,-8.370751738548278809e-01,5.304294824600219727e-01
7.426016926765441895e-01,-6.734167933464050293e-01,2.814658582210540771e-01,6.696676611900329590e-01,-6.566395163536071777e-01,4.807000458240509033e-01,9.386140853166580200e-03,-3.396090865135192871e-01,8.304844498634338379e-01
-1.581288129091262817e-01,5.912325382232666016e-01,5.424801111221313477e-01,-6.790874153375625610e-02,-8.023868799209594727e-01,6.706097126007080078e-01,-9.850805401802062988e-01,8.135944604873657227e-02,5.059624910354614258e-01
-2.681062817573547363e-01,-5.503234267234802246e-01,-4.680321514606475830e-01,-7.181268930435180664e-01,-2.486470788717269897e-01,-6.322829723358154297e-01,-6.421937346458435059e-01,-7.970688343048095703e-01,-6.173849105834960938e-01
-5.966917276382446289e-01,-4.373771250247955322e-01,3.835721015930175781e-01,2.351256310939788818e-01,-8.095372915267944336e-01,7.280886769294738770e-01,-7.672514915466308594e-01,-3.916000127792358398e-01,5.681189894676208496e-01
1.423001438379287720e-01,2.323226183652877808e-01,-6.468887925148010254e-01,4.678533077239990234e-01,9.725811481475830078e-01,-2.796046733856201172e-01,8.722751140594482422e-01,1.057924889028072357e-02,-7.094759345054626465e-01
-6.864873766899108887e-01,-5.390097498893737793e-01,4.582233130931854248e-01,-6.055105105042457581e-02,-4.776518642902374268e-01,2.515476346015930176e-01,7.246161699295043945e-01,-6.937703490257263184e-01,8.524993658065795898e-01
-7.395312786102294922e-01,6.044207811355590820e-01,-5.636926293373107910e-01,-3.520022332668304443e-01,5.523518919944763184e-01,-4.036978185176849365e-01,-5.737490057945251465e-01,5.740931034088134766e-01,-7.206099033355712891e-01
7.002913951873779297e-01,-8.850866556167602539e-02,-5.779508948326110840e-01,3.450864255428314209e-01,-7.829834222793579102e-01,-3.773283362388610840e-01,6.249058842658996582e-01,-6.157135963439941406e-01,-7.235994338989257812e-01
3.683521449565887451e-01,-8.568609356880187988e-01,-8.216220736503601074e-01,3.903692960739135742e-01,1.101499572396278381e-01,-5.458609461784362793e-01,8.437585830688476562e-01,-5.036430358886718750e-01,-1.642345041036605835e-01
1.647075116634368896e-01,-7.660628557205200195e-01,4.777012169361114502e-01,1.585138738155364990e-01,1.732005178928375244e-01,7.109568119049072266e-01,9.735217690467834473e-01,-6.189904808998107910e-01,5.160833001136779785e-01
6.721312403678894043e-01,-6.650816798210144043e-01,-4.185467958450317383e-01,5.907494425773620605e-01,-3.658803403377532959e-01,-6.407939195632934570e-01,4.463795125484466553e-01,-6.509975790977478027e-01,-6.435850858688354492e-01
9.161939620971679688e-01,-7.905045747756958008e-01,3.158671259880065918e-01,3.572939634323120117e-01,-3.060293011367321014e-02,4.413574337959289551e-01,1.814651340246200562e-01,-6.116909980773925781e-01,8.398997783660888672e-01
-5.436131358146667480e-01,-3.902454376220703125e-01,5.939354896545410156e-01,-1.573511660099029541e-01,3.438813388347625732e-01,7.778427600860595703e-01,-8.244545459747314453e-01,8.540808558464050293e-01,2.054296135902404785e-01
-1.769987046718597412e-01,-5.952658057212829590e-01,-7.712046504020690918e-01,-4.074195325374603271e-01,-7.851932048797607422e-01,-4.305564761161804199e-01,-8.959246277809143066e-01,1.706759929656982422e-01,-4.688971340656280518e-01
-7.302241325378417969e-01,1.195708318846300244e-05,4.993048608303070068e-01,-4.803604483604431152e-01,2.272818386554718018e-01,7.888262271881103516e-01,-4.858257472515106201e-01,9.738290309906005859e-01,3.583961129188537598e-01
-2.938654124736785889e-01,-5.574676394462585449e-01,7.229936122894287109e-01,8.593434095382690430e-01,-5.358321666717529297e-01,5.124241113662719727e-01,-4.185354113578796387e-01,-6.341243982315063477e-01,4.633591771125793457e-01
3.411336839199066162e-01,5.155113935470581055e-01,4.653275012969970703e-01,-4.783654212951660156e-01,6.791755557060241699e-01,5.539992451667785645e-01,8.091936707496643066e-01,5.224640369415283203e-01,6.903296709060668945e-01
-3.657180666923522949e-01,-1.704338341951370239e-01,3.124243617057800293e-01,-8.842257857322692871e-01,-9.946554899215698242e-02,6.986203789710998535e-01,-2.905084192752838135e-01,-9.803361296653747559e-01,6.436773538589477539e-01
5.017426609992980957e-01,5.410115718841552734e-01,-4.491851925849914551e-01,7.323191761970520020e-01,7.883674651384353638e-02,-4.325249493122100830e-01,4.603943228721618652e-01,8.373119831085205078e-01,-7.817639112472534180e-01
-8.394446372985839844e-01,6.178748011589050293e-01,-5.711866021156311035e-01,3.415086567401885986e-01,6.680753827095031738e-01,-6.428155303001403809e-01,-4.227346479892730713e-01,4.146156311035156250e-01,-5.104254484176635742e-01
7.798685431480407715e-01,5.821629762649536133e-01,3.373451530933380127e-01,5.634405612945556641e-01,6.951193213462829590e-01,6.851254105567932129e-01,2.726531028747558594e-01,4.217765331268310547e-01,6.456016302108764648e-01
7.331809401512145996e-01,-1.691033691167831421e-01,-4.810322523117065430e-01,1.517620682716369629e-01,6.463509202003479004e-01,-6.639581918716430664e-01,6.628831028938293457e-01,7.440662384033203125e-01,-5.725097656250000000e-01
-3.350231945514678955e-01,-3.430513739585876465e-01,1.755959093570709229e-01,-6.829345822334289551e-01,-7.267010211944580078e-01,6.515402793884277344e-01,-6.491223573684692383e-01,-5.951649546623229980e-01,7.380117774009704590e-01
6.699589490890502930e-01,3.849774897098541260e-01,3.238624036312103271e-01,7.280566096305847168e-01,5.788890123367309570e-01,5.239217281341552734e-01,1.452188789844512939e-01,7.188044786453247070e-01,7.877938747406005859e-01
2.921581566333770752e-01,-5.191445946693420410e-01,-4.867782890796661377e-01,-7.966538667678833008e-01,-5.650348067283630371e-01,-5.355521440505981445e-01,-5.291371941566467285e-01,-6.412678956985473633e-01,-6.900947690010070801e-01
5.998232364654541016e-01,-5.500238537788391113e-01,-4.753444790840148926e-01,3.769431412220001221e-01,-7.906602025032043457e-01,-8.519437313079833984e-01,7.057803869247436523e-01,-2.689427137374877930e-01,-2.196350246667861938e-01
6.184617877006530762e-01,4.761170744895935059e-01,4.364216923713684082e-01,6.042663455009460449e-01,5.308436155319213867e-01,8.514406681060791016e-01,5.023616552352905273e-01,7.010831832885742188e-01,2.908348739147186279e-01
-7.871383428573608398e-01,-4.214673340320587158e-01,5.004534721374511719e-01,-4.457557499408721924e-01,-7.491051554679870605e-01,-3.024441599845886230e-01,-4.262804687023162842e-01,-5.110839605331420898e-01,8.112175464630126953e-01
5.332453846931457520e-01,4.800281524658203125e-01,4.180430173873901367e-01,8.449283242225646973e-01,6.175119280815124512e-01,5.731831192970275879e-01,-4.177908599376678467e-02,6.230987310409545898e-01,7.047703266143798828e-01
5.806092619895935059e-01,-4.831837713718414307e-01,-4.177762269973754883e-01,4.066726565361022949e-01,1.215725392103195190e-02,-7.847423553466796875e-01,7.053440809249877930e-01,-8.754345774650573730e-01,-4.578673541545867920e-01
3.095247745513916016e-01,-5.592495799064636230e-01,-4.167774021625518799e-01,3.734097480773925781e-01,-5.000115633010864258e-01,-8.717296719551086426e-01,8.745053410530090332e-01,-6.612324714660644531e-01,-2.576509118080139160e-01
-5.348563790321350098e-01,-5.507833957672119141e-01,-5.282198786735534668e-01,-4.175672531127929688e-01,-6.913861632347106934e-01,-6.886509060859680176e-01,-7.345517277717590332e-01,-4.675711989402770996e-01,-4.967330992221832275e-01
-7.331826686859130859e-01,-7.170100808143615723e-01,5.900011658668518066e-01,-2.454422116279602051e-01,-5.875767469406127930e-01,5.482305884361267090e-01,6.341934800148010254e-01,-3.750335574150085449e-01,5.927408933639526367e-01
3.312548100948333740e-01,4.545334577560424805e-01,-5.061554908752441406e-01,7.404630184173583984e-01,5.304108858108520508e-01,-6.763303875923156738e-01,-5.847945809364318848e-01,7.155862450599670410e-01,-5.351483225822448730e-01
4.209239184856414795e-01,-2.082729041576385498e-01,-7.286018133163452148e-01,8.505510687828063965e-01,-3.008943796157836914e-01,-2.554276883602142334e-01,3.152554333209991455e-01,9.306368231773376465e-01,-6.355282068252563477e-01
1.666653007268905640e-01,3.471384644508361816e-01,4.356827437877655029e-01,-7.880249619483947754e-01,6.139913797378540039e-01,3.410818874835968018e-01,5.926545858383178711e-01,7.088789939880371094e-01,8.329727649688720703e-01
-3.415260463953018188e-02,4.342994987964630127e-01,7.286310195922851562e-01,3.202946782112121582e-01,6.257399320602416992e-01,6.533178091049194336e-01,-9.467020630836486816e-01,6.479456424713134766e-01,2.056028395891189575e-01
-7.536324858665466309e-02,-8.546226620674133301e-01,-4.814113974571228027e-01,-9.695394635200500488e-01,-1.229369547218084335e-02,-5.006062388420104980e-01,-2.330529093742370605e-01,-5.191041231155395508e-01,-7.194695472717285156e-01
2.293334156274795532e-01,-6.628636121749877930e-01,5.344600677490234375e-01,9.403652548789978027e-01,-4.147478938102722168e-01,4.401016235351562500e-01,2.512359023094177246e-01,-6.233747005462646484e-01,7.215698957443237305e-01
-8.315847069025039673e-02,-4.897565543651580811e-01,6.732097268104553223e-01,1.160551607608795166e-01,-8.016504049301147461e-01,-5.502952933311462402e-01,9.897554516792297363e-01,-3.427757918834686279e-01,4.939269125461578369e-01
-7.678615450859069824e-01,-5.416153669357299805e-01,-3.927190601825714111e-01,-6.383162140846252441e-01,-4.549315273761749268e-01,-4.986283779144287109e-01,5.423093214631080627e-02,-7.068876028060913086e-01,-7.727493047714233398e-01
9.527779221534729004e-01,-6.482906341552734375e-01,3.790397942066192627e-01,2.889212071895599365e-01,-4.339831471443176270e-01,-6.362972855567932129e-01,-9.348163753747940063e-02,-6.256020069122314453e-01,-6.719036698341369629e-01
-7.656160593032836914e-01,7.176702618598937988e-01,-5.725395679473876953e-01,-4.941453635692596436e-01,4.124482870101928711e-01,3.132917284965515137e-01,-4.118887782096862793e-01,5.611024498939514160e-01,7.576587200164794922e-01
7.277045249938964844e-01,-6.260889172554016113e-01,4.404996931552886963e-01,3.706863224506378174e-01,6.492657661437988281e-01,5.833607316017150879e-01,5.770941972732543945e-01,4.318177700042724609e-01,6.823856830596923828e-01
7.022601962089538574e-01,-5.920540690422058105e-01,4.021768271923065186e-01,4.289681017398834229e-01,-4.315437674522399902e-01,6.543514728546142578e-01,5.681698918342590332e-01,-6.806188821792602539e-01,6.403733491897583008e-01
8.306813240051269531e-01,-8.438171744346618652e-01,-4.861382842063903809e-01,5.383662581443786621e-01,-3.182449042797088623e-01,-5.280103087425231934e-01,-1.418811231851577759e-01,-4.320795834064483643e-01,-6.963294744491577148e-01
-6.960445046424865723e-01,-5.735077261924743652e-01,-5.473464131355285645e-01,-5.090399980545043945e-01,-3.721523284912109375e-01,-3.534148633480072021e-01,5.063599348068237305e-01,-7.297887206077575684e-01,-7.586236596107482910e-01
-6.255421042442321777e-01,-9.712558984756469727e-02,-3.682313859462738037e-01,-2.962446808815002441e-01,-9.113202691078186035e-01,-6.232973933219909668e-01,-7.217590212821960449e-01,-4.000773131847381592e-01,-6.898594498634338379e-01
7.862312793731689453e-01,-6.012906432151794434e-01,2.259851396083831787e-01,4.292697608470916748e-01,-5.110411643981933594e-01,5.473721623420715332e-01,4.444860816001892090e-01,-6.142365336418151855e-01,8.058004975318908691e-01
-1.113155037164688110e-01,5.566027164459228516e-01,-5.840967297554016113e-01,-4.058918952941894531e-01,-7.614413499832153320e-01,-4.276339411735534668e-01,-9.071165919303894043e-01,3.322656452655792236e-01,-6.898987293243408203e-01
5.409782528877258301e-01,-9.528407454490661621e-01,5.523698329925537109e-01,5.741142630577087402e-01,8.876790106296539307e-02,4.391869157552719116e-02,6.146018505096435547e-01,2.901978492736816406e-01,8.324413895606994629e-01
-5.712291970849037170e-02,-4.821505248546600342e-01,6.033998131752014160e-01,8.643213510513305664e-01,8.381308317184448242e-01,5.445898771286010742e-01,-4.996854662895202637e-01,2.550837397575378418e-01,5.825208425521850586e-01
7.473329305648803711e-01,-5.898010134696960449e-01,-1.942595243453979492e-01,-1.902048885822296143e-01,-4.940054714679718018e-01,-4.014041423797607422e-01,6.366440653800964355e-01,-6.388218402862548828e-01,-8.950630426406860352e-01
-4.398820102214813232e-01,-3.693398833274841309e-01,7.173339724540710449e-01,5.224330350756645203e-02,-7.865495681762695312e-01,2.460356615483760834e-02,-8.965346813201904297e-01,-4.949019253253936768e-01,-6.962949633598327637e-01
-5.208165645599365234e-01,5.780284404754638672e-01,6.556608676910400391e-01,-7.416415810585021973e-01,-1.595420390367507935e-01,1.149699836969375610e-01,-4.227503240108489990e-01,-8.002683520317077637e-01,7.462510466575622559e-01
2.590656578540802002e-01,-9.697395563125610352e-01,-6.329388618469238281e-01,1.684826463460922241e-01,2.437900751829147339e-01,-5.048689246177673340e-01,-9.510513544082641602e-01,-1.309854444116353989e-02,-5.869376659393310547e-01
1.404341757297515869e-01,6.533230543136596680e-01,3.041992783546447754e-01,9.485916495323181152e-01,5.793647170066833496e-01,7.199867367744445801e-01,-2.836408913135528564e-01,4.873453080654144287e-01,6.237643361091613770e-01
6.841784119606018066e-01,7.556161284446716309e-01,-5.405175685882568359e-01,-2.894853055477142334e-02,2.564079165458679199e-01,-4.880605638027191162e-01,7.287399768829345703e-01,-6.027432680130004883e-01,-6.853011846542358398e-01
-9.365003705024719238e-01,2.936569750308990479e-01,5.312092900276184082e-01,-3.198905587196350098e-01,7.037984728813171387e-01,4.765844941139221191e-01,-1.436562985181808472e-01,6.468641757965087891e-01,7.004883289337158203e-01
4.041356146335601807e-01,-5.494756698608398438e-01,5.204726457595825195e-01,-1.278826147317886353e-01,-7.864606976509094238e-01,6.238511204719543457e-01,9.057154059410095215e-01,2.820569872856140137e-01,5.830249786376953125e-01
3.057352304458618164e-01,-5.243813991546630859e-01,-3.152753710746765137e-01,5.192713141441345215e-01,-4.917107522487640381e-01,-9.457530975341796875e-01,7.980497479438781738e-01,-6.951580643653869629e-01,-7.843796163797378540e-02
-6.936214566230773926e-01,-5.104317665100097656e-01,3.875127732753753662e-01,-7.157371044158935547e-01,-6.809733510017395020e-01,2.136189937591552734e-01,8.129956573247909546e-02,-5.251045227050781250e-01,8.967724442481994629e-01
-6.574341058731079102e-01,3.840943276882171631e-01,-1.295755058526992798e-01,-5.546465516090393066e-01,6.660964488983154297e-01,-7.251318097114562988e-01,-5.100467801094055176e-01,6.393647193908691406e-01,-6.763091087341308594e-01
6.092319488525390625e-01,5.241409540176391602e-01,5.129033923149108887e-01,7.202296257019042969e-01,5.847459435462951660e-01,7.004733085632324219e-01,3.318217098712921143e-01,6.191512942314147949e-01,4.962532818317413330e-01
4.380291104316711426e-01,4.453186690807342529e-01,-2.712174355983734131e-01,5.833510756492614746e-01,7.906758785247802734e-01,-2.626981735229492188e-01,6.839824914932250977e-01,4.201461970806121826e-01,-9.259755611419677734e-01
6.245094537734985352e-01,-3.557170033454895020e-01,1.556355506181716919e-01,4.925104677677154541e-01,-7.536816596984863281e-01,7.637777924537658691e-01,6.061529517173767090e-01,-5.526565313339233398e-01,6.264351606369018555e-01
4.339255392551422119e-01,-4.262208342552185059e-01,2.015604972839355469e-01,7.377868890762329102e-01,-6.894793510437011719e-01,7.511773705482482910e-01,5.170872807502746582e-01,-5.856227874755859375e-01,6.285744309425354004e-01
7.701726555824279785e-01,-5.605775117874145508e-01,3.495409488677978516e-01,3.748266696929931641e-01,-6.745260953903198242e-01,7.079345583915710449e-01,5.160804390907287598e-01,-4.803825020790100098e-01,6.137180924415588379e-01
-8.054007887840270996e-01,-4.882045686244964600e-01,-1.318221092224121094e-01,-4.258916079998016357e-01,-6.890773177146911621e-01,-8.063922524452209473e-01,-4.122450351715087891e-01,-5.355638861656188965e-01,5.765020251274108887e-01
-8.712810277938842773e-01,4.694088995456695557e-01,1.887751519680023193e-01,-4.680312275886535645e-01,5.973909497261047363e-01,8.208130598068237305e-01,1.477025300264358521e-01,6.502148509025573730e-01,5.391009449958801270e-01
-8.016691207885742188e-01,-6.169593334197998047e-01,-4.806201756000518799e-01,-5.923933982849121094e-01,-5.885424613952636719e-01,-6.202022433280944824e-01,7.997898757457733154e-02,-5.224738717079162598e-01,-6.199623346328735352e-01
-1.787901669740676880e-01,-6.079186499118804932e-02,-5.626946091651916504e-01,-5.896154642105102539e-01,4.974966049194335938e-01,-5.962902307510375977e-01,-7.876469492912292480e-01,-8.653330802917480469e-01,-5.725493431091308594e-01
6.014811992645263672e-01,-5.252241492271423340e-01,4.156508147716522217e-01,4.667492210865020752e-01,-5.925810337066650391e-01,6.921137571334838867e-01,6.483560800552368164e-01,-6.107268929481506348e-01,5.900957584381103516e-01
5.977457165718078613e-01,1.465017646551132202e-01,-4.335071146488189697e-01,6.424530148506164551e-01,-5.200671553611755371e-01,-7.745147943496704102e-01,4.795354008674621582e-01,-8.414674401283264160e-01,-4.606499671936035156e-01
-8.984370231628417969e-01,6.528589725494384766e-01,-4.564833343029022217e-01,-3.737714588642120361e-01,5.396887660026550293e-01,-6.419423818588256836e-01,-2.304471135139465332e-01,5.315178632736206055e-01,-6.160624623298645020e-01
-5.111774802207946777e-01,3.778682649135589600e-01,3.509824872016906738e-01,-5.748652219772338867e-01,6.822904944419860840e-01,5.597244501113891602e-01,-6.389268636703491211e-01,6.258556246757507324e-01,7.506796121597290039e-01
6.737169027328491211e-01,-6.107136607170104980e-01,4.834194779396057129e-01,5.143468379974365234e-01,-6.191657781600952148e-01,6.849249005317687988e-01,5.306156277656555176e-01,-4.936220049858093262e-01,5.451453924179077148e-01
1.832748502492904663e-01,5.688007473945617676e-01,-5.009528994560241699e-01,8.825095742940902710e-02,6.292738914489746094e-01,8.691954612731933594e-02,9.790925383567810059e-01,5.296036601066589355e-01,8.610988259315490723e-01
-4.980943500995635986e-01,4.451676011085510254e-01,-2.695368230342864990e-01,-7.352721691131591797e-01,6.979521512985229492e-01,-2.147266417741775513e-01,-4.596486985683441162e-01,5.609711408615112305e-01,-9.387450814247131348e-01
4.474200010299682617e-01,6.944146752357482910e-01,4.782451689243316650e-01,5.493716001510620117e-01,6.748901605606079102e-01,7.356968522071838379e-01,7.056955695152282715e-01,2.496227920055389404e-01,4.796162247657775879e-01
4.901156127452850342e-01,4.899135529994964600e-01,4.511775076389312744e-01,8.660873174667358398e-01,6.166643500328063965e-01,3.371412456035614014e-01,9.838419407606124878e-02,6.162058711051940918e-01,8.263017535209655762e-01
3.680035471916198730e-01,5.251169800758361816e-01,4.263505935668945312e-01,9.295737147331237793e-01,3.694519996643066406e-01,7.185932993888854980e-01,2.158976532518863678e-02,7.666533589363098145e-01,5.494077205657958984e-01
5.040367841720581055e-01,3.635441362857818604e-01,4.262343049049377441e-01,2.512623667716979980e-01,8.699561357498168945e-01,6.603005528450012207e-01,8.263256549835205078e-01,3.331846892833709717e-01,6.183264255523681641e-01
2.491344958543777466e-01,-4.564866721630096436e-01,4.728118181228637695e-01,-5.770532488822937012e-01,-6.808335781097412109e-01,5.967260003089904785e-01,7.777798175811767578e-01,-5.727875828742980957e-01,6.483572125434875488e-01
8.287277072668075562e-02,4.530103802680969238e-01,-7.318970561027526855e-01,-2.011425979435443878e-02,7.113663554191589355e-01,-6.512518525123596191e-01,9.963572025299072266e-01,5.373447537422180176e-01,-2.004934698343276978e-01
-4.233290553092956543e-01,-5.736140012741088867e-01,-5.193762779235839844e-01,6.820649504661560059e-01,-7.011010646820068359e-01,-4.709297418594360352e-01,-5.963051915168762207e-01,-4.235848784446716309e-01,-7.130732536315917969e-01
-2.068910747766494751e-01,-5.459393858909606934e-01,-4.603223502635955811e-01,9.054909348487854004e-01,-7.369542121887207031e-01,-6.940901875495910645e-01,-3.705161809921264648e-01,-3.985582888126373291e-01,-5.534818768501281738e-01
-1.164679825305938721e-01,-6.134691238403320312e-01,-3.198854327201843262e-01,-9.036337733268737793e-01,-3.243835568428039551e-01,-8.205489516258239746e-01,-4.121666252613067627e-01,-7.200215458869934082e-01,-4.736800789833068848e-01
-2.138038277626037598e-01,5.933026075363159180e-01,4.715264737606048584e-01,-8.326293230056762695e-01,5.569745302200317383e-01,6.182632446289062500e-01,-5.108976364135742188e-01,5.811811089515686035e-01,6.288190484046936035e-01
8.279436826705932617e-02,5.306417942047119141e-01,4.663077294826507568e-01,9.954296350479125977e-01,5.119587182998657227e-01,6.559880971908569336e-01,-4.759155958890914917e-02,6.755128502845764160e-01,5.934953093528747559e-01
5.126121044158935547e-01,4.272916316986083984e-01,5.623092651367187500e-01,-1.867421530187129974e-02,6.365206241607666016e-01,4.515532851219177246e-01,8.584172129631042480e-01,6.420773863792419434e-01,6.927539110183715820e-01
-7.547603249549865723e-01,-5.786312818527221680e-01,6.392602324485778809e-01,1.521694660186767578e-01,-7.103198766708374023e-01,4.454118609428405762e-01,-6.381076574325561523e-01,-4.007884860038757324e-01,6.268609762191772461e-01
-3.856722116470336914e-01,3.401803672313690186e-01,6.221715807914733887e-01,9.116907715797424316e-01,7.014860510826110840e-01,2.747204005718231201e-01,-1.416929066181182861e-01,6.262544989585876465e-01,7.330970764160156250e-01
-2.608778178691864014e-01,-3.297927975654602051e-01,5.403501987457275391e-01,1.249885708093643188e-01,-8.085678815841674805e-01,5.647451281547546387e-01,-9.572463631629943848e-01,-4.872932434082031250e-01,6.237664818763732910e-01
-7.239728569984436035e-01,4.510396420955657959e-01,-3.180778026580810547e-01,-4.009813815355300903e-02,7.018461227416992188e-01,-5.826938748359680176e-01,-6.886621117591857910e-01,5.513395071029663086e-01,-7.478598356246948242e-01
-2.264915406703948975e-01,6.279523372650146484e-01,-8.333871960639953613e-01,-7.814969420433044434e-01,4.429518282413482666e-01,-2.450027167797088623e-01,-5.813468098640441895e-01,-6.398980617523193359e-01,-4.954184889793395996e-01
