-5.096411108970642090e-01,-4.735093414783477783e-01,-7.053114771842956543e-01,-4.997856318950653076e-01,-6.814216971397399902e-01,-2.931407392024993896e-01,7.003429532051086426e-01,-5.580801367759704590e-01,-6.454489231109619141e-01
5.185318589210510254e-01,3.936088681221008301e-01,1.737514436244964600e-01,7.065117359161376953e-01,6.425045132637023926e-01,6.253781169652938843e-02,4.816284179687500000e-01,6.574648618698120117e-01,9.828018546104431152e-01
1.943763345479965210e-01,7.601550817489624023e-01,-6.448177695274353027e-01,7.108964323997497559e-01,6.346032023429870605e-01,1.555635184049606323e-01,6.759023666381835938e-01,-1.394385248422622681e-01,-7.483382225036621094e-01
6.544671952724456787e-02,6.185918450355529785e-01,8.783382773399353027e-01,1.773663759231567383e-01,5.448124408721923828e-01,-6.736512295901775360e-03,9.819663763046264648e-01,5.661478638648986816e-01,4.779921174049377441e-01
4.909293055534362793e-01,-8.176829218864440918e-01,-1.403385400772094727e-01,3.187994062900543213e-01,-5.109117627143859863e-01,-9.745790362358093262e-01,8.107745051383972168e-01,2.652619481086730957e-01,-1.746450215578079224e-01
2.861227095127105713e-01,5.173338651657104492e-01,9.400169849395751953e-01,3.415637612342834473e-01,6.442061662673950195e-01,2.753954827785491943e-01,-8.952474594116210938e-01,5.633507370948791504e-01,2.013093382120132446e-01
6.496154665946960449e-01,-1.155791953206062317e-01,-5.315690040588378906e-01,6.945102214813232422e-01,-1.920417547225952148e-01,-3.612558245658874512e-01,3.092820346355438232e-01,9.745570421218872070e-01,-7.661127448081970215e-01
2.969090640544891357e-01,-5.800316333770751953e-01,-2.607919871807098389e-01,-1.648126393556594849e-01,-6.492355465888977051e-01,-4.850261807441711426e-01,-9.405752420425415039e-01,-4.919923543930053711e-01,-8.347078561782836914e-01
2.568707466125488281e-01,4.331139624118804932e-01,4.297357797622680664e-01,8.773123025894165039e-01,4.796552360057830811e-01,7.358144521713256836e-01,-4.053893685340881348e-01,7.631140351295471191e-01,5.233586430549621582e-01
-2.167962640523910522e-01,-6.982755064964294434e-01,-5.182084441184997559e-01,-1.839509606361389160e-01,-6.175553798675537109e-01,-2.823385000228881836e-01,9.587290883064270020e-01,-3.619898557662963867e-01,-8.073073029518127441e-01
4.604983329772949219e-01,6.015918850898742676e-01,-5.213733911514282227e-01,3.788415193557739258e-01,3.323589861392974854e-01,-7.628268599510192871e-01,8.027579784393310547e-01,7.263777256011962891e-01,3.824461102485656738e-01
-5.816512703895568848e-01,4.849691092967987061e-01,4.213448166847229004e-01,-5.719748735427856445e-01,5.317465662956237793e-01,2.069151103496551514e-01,-5.783826708793640137e-01,6.942986249923706055e-01,8.829805850982666016e-01
3.920154273509979248e-01,-7.644966840744018555e-01,4.685638546943664551e-01,2.841592133045196533e-01,-4.549319446086883545e-01,7.615609169006347656e-01,8.749728202819824219e-01,4.567075967788696289e-01,4.477420449256896973e-01
2.297637313604354858e-01,6.379083395004272461e-01,-2.978768646717071533e-01,-7.622098177671432495e-02,5.242859125137329102e-01,-7.701309919357299805e-01,9.702572226524353027e-01,5.640897750854492188e-01,-5.640634894371032715e-01
-3.841104507446289062e-01,-6.850314736366271973e-01,-3.579199016094207764e-01,-1.957243531942367554e-01,-4.977452158927917480e-01,1.949917823076248169e-01,-9.023031592369079590e-01,-5.319600105285644531e-01,9.131656885147094727e-01
-6.037214398384094238e-01,-5.839692950248718262e-01,-4.194340109825134277e-01,-1.531621366739273071e-01,-1.643261313438415527e-01,-1.468270421028137207e-01,-7.823437452316284180e-01,-7.949697375297546387e-01,-8.958330750465393066e-01
8.601915836334228516e-01,-7.632778882980346680e-01,-3.224047124385833740e-01,4.989363253116607666e-01,-5.152893066406250000e-01,-3.598321676254272461e-01,-1.055124327540397644e-01,-3.897226750850677490e-01,-8.755432367324829102e-01
7.600787878036499023e-01,4.435127973556518555e-01,-4.439775347709655762e-01,4.761672317981719971e-01,2.153580635786056519e-02,-4.366320967674255371e-01,4.422048032283782959e-01,-8.960093259811401367e-01,-7.824553847312927246e-01
9.183206409215927124e-02,5.353031754493713379e-01,-1.228580400347709656e-01,1.095431745052337646e-01,5.095121264457702637e-01,-8.159648180007934570e-01,-9.897308945655822754e-01,6.736823320388793945e-01,-5.648958683013916016e-01
3.981276452541351318e-01,1.869332492351531982e-01,7.130553126335144043e-01,-3.530868589878082275e-01,7.000455260276794434e-01,6.807861328125000000e-01,8.466545939445495605e-01,6.891968250274658203e-01,1.675781011581420898e-01
-2.301979511976242065e-01,5.804410576820373535e-01,3.858781456947326660e-01,3.806275725364685059e-01,-8.480288088321685791e-02,7.643139362335205078e-01,8.956179618835449219e-01,8.098744750022888184e-01,5.166451334953308105e-01
-2.090146541595458984e-01,2.691377997398376465e-01,7.817986607551574707e-01,9.691238999366760254e-01,2.673777341842651367e-01,5.386998653411865234e-01,-1.308117955923080444e-01,9.252426624298095703e-01,3.139956295490264893e-01
-3.457309305667877197e-01,-8.013743162155151367e-01,3.556137084960937500e-01,-3.343739211559295654e-01,-5.556160807609558105e-01,-6.943504810333251953e-01,-8.767350316047668457e-01,-2.215625494718551636e-01,6.256326436996459961e-01
-4.084907472133636475e-01,6.268908381462097168e-01,-4.625705778598785400e-01,-3.970935046672821045e-01,6.267333030700683594e-01,-3.679372072219848633e-01,-8.218588829040527344e-01,4.628317356109619141e-01,-8.066292405128479004e-01
4.088446199893951416e-01,7.554903626441955566e-01,2.313210368156433105e-01,4.546887576580047607e-01,6.345914602279663086e-01,4.493813514709472656e-01,7.912675142288208008e-01,1.628744602203369141e-01,8.628713488578796387e-01
3.713299930095672607e-01,7.407446503639221191e-01,5.011518001556396484e-01,2.441055029630661011e-01,4.011843204498291016e-01,6.163054704666137695e-01,8.958384394645690918e-01,5.388399362564086914e-01,6.074655652046203613e-01
1.353414207696914673e-01,-3.015157580375671387e-02,5.858595371246337891e-01,1.663403660058975220e-01,-9.975693821907043457e-01,6.214250922203063965e-01,-9.767361879348754883e-01,6.281920522451400757e-02,5.201919078826904297e-01
-6.420505642890930176e-01,6.412794589996337891e-01,1.628158241510391235e-01,-4.846501052379608154e-01,5.096169710159301758e-01,9.616456627845764160e-01,5.940415859222412109e-01,5.736297369003295898e-01,2.207456976175308228e-01
-4.342671930789947510e-01,-9.072055220603942871e-01,2.619098126888275146e-01,-4.865382313728332520e-01,-3.486284315586090088e-01,8.104037642478942871e-01,-7.580847740173339844e-01,-2.354490607976913452e-01,-5.240696072578430176e-01
3.940929770469665527e-01,7.199882864952087402e-01,5.189195275306701660e-01,2.002646327018737793e-01,-2.668364346027374268e-01,6.707601547241210938e-01,8.969865441322326660e-01,-6.406365036964416504e-01,5.299088358879089355e-01
-4.610643684864044189e-01,-6.497554183006286621e-01,-5.752098187804222107e-02,-5.062590837478637695e-01,-7.309609651565551758e-01,-4.974048435688018799e-01,-7.287807464599609375e-01,2.085998207330703735e-01,8.656094670295715332e-01
8.138945102691650391e-01,-5.584440231323242188e-01,2.481034398078918457e-01,2.924160361289978027e-01,-4.795726239681243896e-01,-9.636369347572326660e-01,5.020643472671508789e-01,-6.768679618835449219e-01,9.924000501632690430e-02
2.778176069259643555e-01,7.946987152099609375e-01,-5.063302516937255859e-01,1.398842781782150269e-01,3.471874594688415527e-01,-5.128587484359741211e-01,9.503945708274841309e-01,-4.979104697704315186e-01,-6.932572722434997559e-01
-5.843042135238647461e-01,-1.498674005270004272e-01,4.054523110389709473e-01,-5.372762084007263184e-01,2.023676037788391113e-01,4.772046804428100586e-01,-6.082127690315246582e-01,9.677743315696716309e-01,7.796691656112670898e-01
-3.936994969844818115e-01,5.964753627777099609e-01,-7.611865997314453125e-01,-2.211004197597503662e-01,6.627141833305358887e-01,-1.797852814197540283e-01,-8.922529816627502441e-01,4.527990221977233887e-01,-6.231149435043334961e-01
7.076608389616012573e-02,4.587998390197753906e-01,8.955588936805725098e-01,9.181080460548400879e-01,3.407159149646759033e-01,3.390432000160217285e-01,-3.899611830711364746e-01,8.206188678741455078e-01,2.881386876106262207e-01
-4.489838182926177979e-01,4.438880383968353271e-01,-4.238721132278442383e-01,-8.914388418197631836e-01,2.749441266059875488e-01,-6.614944934844970703e-01,6.123834848403930664e-02,8.528594374656677246e-01,-6.186739802360534668e-01
4.619796276092529297e-01,1.234801039099693298e-01,5.800147652626037598e-01,4.433745145797729492e-01,-3.832432031631469727e-01,7.215049266815185547e-01,7.681105732917785645e-01,9.153563380241394043e-01,3.781712651252746582e-01
-6.972342133522033691e-01,4.244424998760223389e-01,-6.552727818489074707e-01,-6.495404839515686035e-01,4.499912261962890625e-01,-5.288265347480773926e-01,3.032515048980712891e-01,7.857203483581542969e-01,-5.394072532653808594e-01
1.444284021854400635e-01,-5.638125166296958923e-02,-6.782608628273010254e-01,-7.446667551994323730e-01,-6.724366545677185059e-01,-5.246595740318298340e-01,-6.516225337982177734e-01,7.380041480064392090e-01,-5.144848227500915527e-01
-8.696759939193725586e-01,4.564836025238037109e-01,6.111400127410888672e-01,-4.746372103691101074e-01,4.061086177825927734e-01,5.207499861717224121e-01,1.355846226215362549e-01,7.916428446769714355e-01,5.960932374000549316e-01
-3.157771229743957520e-01,7.882977128028869629e-01,2.184436619281768799e-01,-2.963754236698150635e-01,4.453166127204895020e-01,7.797947525978088379e-01,-9.013580679893493652e-01,4.245937168598175049e-01,-5.866877436637878418e-01
-5.462086796760559082e-01,1.690573096275329590e-01,-8.362632989883422852e-01,-5.447906255722045898e-01,-4.776846170425415039e-01,-3.279528617858886719e-01,6.362854838371276855e-01,-8.621119856834411621e-01,-4.394436180591583252e-01
-2.861645221710205078e-01,-3.106227815151214600e-01,-5.739951133728027344e-01,-9.103950262069702148e-01,1.241378560662269592e-01,-5.433105230331420898e-01,-2.988154590129852295e-01,-9.423922896385192871e-01,-6.126526594161987305e-01
7.348131537437438965e-01,6.189321875572204590e-01,-1.995395570993423462e-01,5.886187553405761719e-01,5.558063983917236328e-01,5.124459862709045410e-01,3.370128273963928223e-01,5.549793839454650879e-01,8.352143764495849609e-01
6.059356927871704102e-01,4.669920206069946289e-01,3.692107200622558594e-01,4.319053292274475098e-01,6.132537722587585449e-01,9.078927338123321533e-02,6.680567264556884766e-01,6.370543837547302246e-01,-9.249003529548645020e-01
-2.579937279224395752e-01,4.695824682712554932e-01,-9.512605667114257812e-01,-1.262739747762680054e-01,6.657729744911193848e-01,-1.186978593468666077e-01,-9.578590989112854004e-01,5.798609256744384766e-01,-2.846297323703765869e-01
2.807281911373138428e-01,-1.905159503221511841e-01,9.595484733581542969e-01,8.497537970542907715e-01,-3.611277639865875244e-01,1.871273070573806763e-01,4.462176561355590820e-01,-9.128473401069641113e-01,2.103570103645324707e-01
-6.559404730796813965e-01,-2.314174920320510864e-01,-3.106504976749420166e-01,-5.009804964065551758e-01,9.347548484802246094e-01,-3.699958920478820801e-01,-5.645889639854431152e-01,2.695908844470977783e-01,-8.755565285682678223e-01
6.125623583793640137e-01,4.865368902683258057e-01,-3.446447551250457764e-01,7.779215574264526367e-01,4.863504469394683838e-01,-2.726745605468750000e-01,1.400190293788909912e-01,7.257720828056335449e-01,-8.982586264610290527e-01
-5.610779523849487305e-01,7.585827112197875977e-01,6.540993452072143555e-01,4.780501499772071838e-02,5.497080683708190918e-01,5.588423013687133789e-01,8.263813853263854980e-01,3.498189747333526611e-01,5.097541809082031250e-01
1.891444772481918335e-01,-7.274764180183410645e-01,-6.477082967758178711e-01,-2.213846147060394287e-01,6.486812829971313477e-01,-7.067044973373413086e-01,9.566677212715148926e-01,-2.235858887434005737e-01,-2.846803069114685059e-01
-7.536089420318603516e-01,-7.027856707572937012e-01,-5.002771615982055664e-01,-2.841165959835052490e-01,-3.898107409477233887e-01,-9.761660546064376831e-02,-5.927488803863525391e-01,-5.950965881347656250e-01,-8.603451848030090332e-01
3.954314291477203369e-01,-6.048428416252136230e-01,-4.313445091247558594e-01,3.116061687469482422e-01,-5.904252529144287109e-01,-1.481215208768844604e-01,8.640229105949401855e-01,-5.343811511993408203e-01,-8.899449110031127930e-01
2.113067954778671265e-01,-4.575393497943878174e-01,-5.430541038513183594e-01,-8.091749548912048340e-01,-5.701255202293395996e-01,3.239307403564453125e-01,-5.482565164566040039e-01,-6.823596358299255371e-01,7.747007012367248535e-01
-8.113057017326354980e-01,8.328294754028320312e-01,-4.373465776443481445e-01,-5.623337030410766602e-01,5.205212831497192383e-01,-3.434175252914428711e-01,1.598871946334838867e-01,-1.882887780666351318e-01,-8.311391472816467285e-01
4.551641345024108887e-01,-8.314105272293090820e-01,-3.455691635608673096e-01,4.245074987411499023e-01,-4.715176522731781006e-01,5.477743223309516907e-02,7.826998829841613770e-01,-2.939857244491577148e-01,-9.367931485176086426e-01
-4.546943008899688721e-01,2.163971513509750366e-01,-7.176458239555358887e-01,-1.243143156170845032e-01,-6.144564598798751831e-02,-5.337120294570922852e-01,-8.819291591644287109e-01,-9.743698835372924805e-01,-4.473654031753540039e-01
6.961687207221984863e-01,5.193881988525390625e-01,-2.600080072879791260e-01,2.548411488533020020e-01,4.707705378532409668e-01,-5.828102231025695801e-01,6.711222529411315918e-01,7.131697535514831543e-01,7.698884010314941406e-01
8.126801848411560059e-01,-1.926556825637817383e-01,5.846550315618515015e-02,4.157110154628753662e-01,-3.966231346130371094e-01,-2.705337107181549072e-01,4.083321988582611084e-01,-8.975375890731811523e-01,-9.609335660934448242e-01
-6.973260641098022461e-01,-6.754684448242187500e-01,-1.591911911964416504e-02,-5.236942172050476074e-01,-4.260772764682769775e-01,-3.217897117137908936e-01,-4.893677234649658203e-01,-6.018310785293579102e-01,-9.466773271560668945e-01
6.209331750869750977e-01,4.996642172336578369e-01,-3.547016382217407227e-01,6.626980900764465332e-01,5.241869091987609863e-01,-2.533854842185974121e-01,4.186564385890960693e-01,6.896112561225891113e-01,-8.999903202056884766e-01
1.109866723418235779e-01,-4.264487028121948242e-01,-7.658506631851196289e-01,3.214326500892639160e-01,-9.256360679864883423e-02,-6.111568808555603027e-01,9.404057264328002930e-01,-8.997630476951599121e-01,-1.999000161886215210e-01
-6.653891205787658691e-01,-5.850928425788879395e-01,-1.089269146323204041e-01,-5.701112747192382812e-01,-5.268533229827880859e-01,3.044680356979370117e-01,4.819029271602630615e-01,-6.165159940719604492e-01,9.462738633155822754e-01
8.693522810935974121e-01,-7.086626887321472168e-01,2.979178130626678467e-01,4.802542924880981445e-01,-3.919658064842224121e-01,6.034098863601684570e-01,1.165435984730720520e-01,-5.866515040397644043e-01,7.396900653839111328e-01
-1.226071119308471680e-01,-4.637078642845153809e-01,7.280424237251281738e-01,2.060617506504058838e-01,6.966657936573028564e-02,5.364325046539306641e-01,9.708275198936462402e-01,-8.832449316978454590e-01,4.268423318862915039e-01
-7.883557081222534180e-01,-5.348016619682312012e-01,3.366291224956512451e-01,-1.577412784099578857e-01,-4.711543023586273193e-01,6.937416195869445801e-01,-5.946535468101501465e-01,-7.014276385307312012e-01,6.367129683494567871e-01
7.380927205085754395e-01,-5.091142654418945312e-01,-1.823685467243194580e-01,-2.439032867550849915e-02,-5.465977787971496582e-01,-7.833993434906005859e-01,-6.742582917213439941e-01,-6.648560762405395508e-01,-5.941607952117919922e-01
-8.820803761482238770e-01,-7.133197784423828125e-01,-6.142374873161315918e-01,4.937274754047393799e-02,-2.075591534376144409e-01,-3.448821306228637695e-01,-4.685046374797821045e-01,-6.693983674049377441e-01,-7.097666263580322266e-01
6.737068891525268555e-01,3.837698996067047119e-01,2.925209403038024902e-01,6.528367400169372559e-01,6.379396319389343262e-01,4.725487530231475830e-01,3.462994992733001709e-01,6.676479578018188477e-01,8.313418030738830566e-01
-4.794772565364837646e-01,-7.527228593826293945e-01,4.225826561450958252e-01,-2.027985155582427979e-01,-4.881571531295776367e-01,8.831593394279479980e-02,-8.537999391555786133e-01,-4.417136311531066895e-01,-9.020111560821533203e-01
5.531411767005920410e-01,-4.719236493110656738e-01,5.190830826759338379e-01,3.245875239372253418e-01,-7.078775167465209961e-01,4.867121875286102295e-01,7.672533392906188965e-01,-5.255449414253234863e-01,7.026122212409973145e-01
-7.883747816085815430e-01,4.722646772861480713e-01,-4.885853230953216553e-01,9.875782579183578491e-02,7.354885339736938477e-01,-3.328757286071777344e-01,-6.072166562080383301e-01,4.858215749263763428e-01,-8.065222501754760742e-01
1.258483529090881348e-01,-5.766708254814147949e-01,-6.034097075462341309e-01,9.289612174034118652e-01,-4.647445678710937500e-01,-5.396892428398132324e-01,-3.481279909610748291e-01,-6.719101071357727051e-01,-5.870538353919982910e-01
-2.971655130386352539e-01,5.920721888542175293e-01,5.572511553764343262e-01,-7.973676323890686035e-01,-1.981963366270065308e-01,2.055690437555313110e-01,-5.252594351768493652e-01,7.811330556869506836e-01,8.044951558113098145e-01
-4.093031883239746094e-01,-4.229824542999267578e-01,-4.901455342769622803e-01,-6.947584748268127441e-01,-1.852816641330718994e-01,-7.233030200004577637e-01,5.914233326911926270e-01,-8.869929909706115723e-01,-4.864052236080169678e-01
-1.132295280694961548e-01,3.172386586666107178e-01,5.361611843109130859e-01,8.648091554641723633e-01,9.450552463531494141e-01,4.406090974807739258e-01,-4.891667366027832031e-01,-7.893182337284088135e-02,7.199963927268981934e-01
-6.685955449938774109e-03,-2.612972557544708252e-01,2.934681773185729980e-01,-9.997146129608154297e-01,-6.293902397155761719e-01,7.743957042694091797e-01,-2.293450944125652313e-02,-7.318412661552429199e-01,5.605245828628540039e-01
4.753999114036560059e-01,-4.846023321151733398e-01,3.796221613883972168e-01,-4.413629472255706787e-01,-6.886107325553894043e-01,5.939192175865173340e-01,7.610477805137634277e-01,-5.394217967987060547e-01,7.093284130096435547e-01
7.501097023487091064e-02,5.630403161048889160e-01,-3.304561078548431396e-01,8.855067491531372070e-01,5.528087615966796875e-01,-6.455410122871398926e-01,4.585315287113189697e-01,6.143192052841186523e-01,-6.885313391685485840e-01
2.034117281436920166e-01,-7.912925481796264648e-01,-5.139439702033996582e-01,8.407724499702453613e-01,-3.828723132610321045e-01,-2.324217557907104492e-01,5.017224550247192383e-01,-4.767230749130249023e-01,-8.257370591163635254e-01
1.105842459946870804e-02,-5.161446928977966309e-01,-5.741274952888488770e-01,-8.798527717590332031e-01,-5.477225184440612793e-01,3.918869197368621826e-01,4.751176834106445312e-01,-6.584790945053100586e-01,-7.188895940780639648e-01
-4.066568017005920410e-01,-5.135546922683715820e-01,-6.341023445129394531e-01,-6.085059046745300293e-01,-7.062975764274597168e-01,-4.613965451717376709e-01,6.814328432083129883e-01,-4.872425198554992676e-01,-6.205057501792907715e-01
-3.518392741680145264e-01,-6.115193367004394531e-01,5.701913237571716309e-01,-9.339966773986816406e-01,-3.367061018943786621e-01,6.810553073883056641e-01,-6.212257966399192810e-02,-7.160119414329528809e-01,4.593968689441680908e-01
3.871465921401977539e-01,-4.755763411521911621e-01,2.226303368806838989e-01,7.213815450668334961e-01,1.600452214479446411e-01,3.444181382656097412e-01,5.742179155349731445e-01,-8.649927973747253418e-01,9.120371937751770020e-01
3.742808997631072998e-01,1.209158673882484436e-01,6.698197722434997559e-01,7.071211934089660645e-01,8.044835329055786133e-01,5.061272382736206055e-01,-5.999112129211425781e-01,5.815371870994567871e-01,5.433016419410705566e-01
-4.410614669322967529e-01,-2.322845757007598877e-01,5.780786871910095215e-01,-1.753617972135543823e-01,-5.717216730117797852e-01,7.243476510047912598e-01,-8.801777362823486328e-01,-7.868787646293640137e-01,3.756933808326721191e-01
4.527194499969482422e-01,4.080779850482940674e-01,-4.038956463336944580e-01,6.842074394226074219e-01,6.241254210472106934e-01,-5.618124604225158691e-01,5.717561841011047363e-01,6.662881970405578613e-01,-7.219660878181457520e-01
2.143820375204086304e-02,4.149457514286041260e-01,-6.644986271858215332e-01,-9.903562068939208984e-01,8.203332424163818359e-01,-3.447025418281555176e-01,-1.368755996227264404e-01,3.935395777225494385e-01,-6.630398631095886230e-01
3.969150185585021973e-01,4.536872506141662598e-01,4.000432193279266357e-01,5.308195948600769043e-01,4.359341859817504883e-01,8.592880964279174805e-01,7.487917542457580566e-01,7.772576212882995605e-01,3.187308311462402344e-01
4.068381786346435547e-01,4.720811843872070312e-01,-4.841129183769226074e-01,5.847128629684448242e-01,7.003662586212158203e-01,-3.819386959075927734e-01,7.018500566482543945e-01,5.353750586509704590e-01,-7.872467041015625000e-01
-2.045717835426330566e-01,-7.222667932510375977e-01,-4.095051884651184082e-01,-7.325937747955322266e-01,4.483208656311035156e-01,-6.545022130012512207e-01,-6.491970419883728027e-01,-5.266299247741699219e-01,-6.355566382408142090e-01
9.215321540832519531e-01,5.451870560646057129e-01,-5.713641047477722168e-01,3.810101747512817383e-01,4.019725322723388672e-01,-6.825489401817321777e-01,-7.489831000566482544e-02,7.356556057929992676e-01,-4.557082653045654297e-01
7.178943157196044922e-01,-3.190537691116333008e-01,-4.510675668716430664e-01,-6.777781844139099121e-01,-7.777399420738220215e-01,-6.349073052406311035e-01,-1.588853448629379272e-01,-5.415951609611511230e-01,-6.272405982017517090e-01
-2.533901929855346680e-01,3.637852370738983154e-01,-6.236579418182373047e-01,-9.543462395668029785e-01,8.494650125503540039e-01,-5.818185210227966309e-01,-1.581665575504302979e-01,3.821903467178344727e-01,-5.220517516136169434e-01
1.930913478136062622e-01,7.286248803138732910e-01,5.176268815994262695e-01,8.991454839706420898e-01,5.090625882148742676e-01,2.116951793432235718e-01,3.927508294582366943e-01,4.582150280475616455e-01,8.290039300918579102e-01
5.179666280746459961e-01,7.127537131309509277e-01,-5.561946034431457520e-01,4.320850670337677002e-01,4.938096702098846436e-01,-7.940648198127746582e-01,7.382500171661376953e-01,-4.981306791305541992e-01,-2.451706677675247192e-01
-5.669583082199096680e-01,3.078811466693878174e-01,-4.638079404830932617e-01,-7.844552993774414062e-01,-2.825147509574890137e-01,-4.792705774307250977e-01,-2.513723671436309814e-01,9.085123538970947266e-01,-7.451052069664001465e-01
-1.043276786804199219e-01,-5.160509943962097168e-01,6.168994307518005371e-01,9.848257303237915039e-01,-5.717716217041015625e-01,1.585514843463897705e-01,1.386869996786117554e-01,-6.377840638160705566e-01,7.709063291549682617e-01
4.902987778186798096e-01,4.918986260890960693e-01,6.808853745460510254e-01,8.706917166709899902e-01,6.753800511360168457e-01,4.095824658870697021e-01,-3.876806050539016724e-02,5.494520068168640137e-01,6.071550250053405762e-01
-2.808687984943389893e-01,6.046736240386962891e-01,3.963038325309753418e-01,-8.826979398727416992e-01,-1.225578784942626953e-02,8.070029020309448242e-01,-3.767718970775604248e-01,7.963790893554687500e-01,4.378235638141632080e-01
2.451581656932830811e-01,-3.882544040679931641e-01,-5.333904027938842773e-01,9.688303470611572266e-01,-2.872940003871917725e-01,-7.730327248573303223e-01,3.557139635086059570e-02,-8.756259083747863770e-01,-3.433876633644104004e-01
3.091680705547332764e-01,-5.023264884948730469e-01,5.922567844390869141e-01,-8.163735866546630859e-01,-4.476560950279235840e-01,2.772062420845031738e-01,4.878003895282745361e-01,-7.397785186767578125e-01,7.565637230873107910e-01
-4.123839139938354492e-01,4.168100953102111816e-01,7.754491567611694336e-01,7.947205901145935059e-01,5.123515725135803223e-01,5.721458792686462402e-01,-4.453747868537902832e-01,7.508429884910583496e-01,2.670723497867584229e-01
6.361840963363647461e-01,-2.389926612377166748e-01,6.054725646972656250e-01,-5.708427429199218750e-01,-8.447757363319396973e-01,5.182917118072509766e-01,5.190456509590148926e-01,-4.787863790988922119e-01,6.039675474166870117e-01
8.729702234268188477e-01,-2.940871417522430420e-01,-3.711777627468109131e-01,-4.505435526371002197e-01,-9.168429970741271973e-01,-5.627619028091430664e-01,1.869048327207565308e-01,2.700216174125671387e-01,-7.385973930358886719e-01
8.444426953792572021e-02,3.779774010181427002e-01,-5.627279281616210938e-01,-9.545181393623352051e-01,6.356575489044189453e-01,-5.858072638511657715e-01,2.859447002410888672e-01,6.731066703796386719e-01,-5.832385420799255371e-01
2.120768725872039795e-01,4.858439266681671143e-01,-6.680268645286560059e-01,9.014740586280822754e-01,1.513231247663497925e-01,-4.823040962219238281e-01,3.773168325424194336e-01,8.608466982841491699e-01,-5.666770339012145996e-01
2.382844239473342896e-01,-5.854659080505371094e-01,-2.593619525432586670e-01,3.531793355941772461e-01,-2.871620357036590576e-01,-7.858697772026062012e-01,-9.047015905380249023e-01,-7.581343650817871094e-01,-5.613734126091003418e-01
-4.004086554050445557e-01,4.227886795997619629e-01,-5.619608163833618164e-01,2.728464603424072266e-01,2.737921178340911865e-01,-5.954941511154174805e-01,-8.747729659080505371e-01,8.638793826103210449e-01,-5.740963816642761230e-01
-4.359531402587890625e-01,5.233798623085021973e-01,4.880621433258056641e-01,2.085854262113571167e-01,7.493090629577636719e-01,4.805070161819458008e-01,-8.754638433456420898e-01,4.057209193706512451e-01,7.286345958709716797e-01
1.151176765561103821e-01,-5.274184942245483398e-01,-3.747074902057647705e-01,9.425489306449890137e-01,-4.553623795509338379e-01,-8.046255111694335938e-01,3.136071264743804932e-01,-7.172690033912658691e-01,-4.606214761734008789e-01
1.793432794511318207e-02,-6.102337837219238281e-01,4.689999222755432129e-01,8.678143024444580078e-01,-6.109934449195861816e-01,5.216656327247619629e-01,-4.965649247169494629e-01,-5.042833685874938965e-01,7.126738429069519043e-01
3.965171575546264648e-01,1.644175648689270020e-01,-4.803427159786224365e-01,4.730440080165863037e-01,9.134168028831481934e-01,-8.522517681121826172e-01,7.867677807807922363e-01,3.723394870758056641e-01,-2.072142511606216431e-01
2.553385794162750244e-01,5.777591466903686523e-01,5.646600723266601562e-01,9.498390555381774902e-01,5.561920404434204102e-01,5.646769404411315918e-01,1.805767118930816650e-01,5.973649024963378906e-01,6.019126772880554199e-01
2.308161854743957520e-01,5.820946693420410156e-01,6.867955625057220459e-02,7.159629464149475098e-02,5.810909867286682129e-01,7.385709881782531738e-01,-9.703596830368041992e-01,5.687697529792785645e-01,-6.706683635711669922e-01
5.058025717735290527e-01,5.151674151420593262e-01,-4.391167759895324707e-01,5.462499856948852539e-01,7.665976881980895996e-01,-4.044357836246490479e-01,6.676636338233947754e-01,3.833152055740356445e-01,-8.022518754005432129e-01
5.168328881263732910e-01,-4.343594908714294434e-01,-4.720907509326934814e-01,4.834250807762145996e-01,-6.227023601531982422e-01,-6.348447799682617188e-01,7.065294981002807617e-01,-6.508253216743469238e-01,-6.116391420364379883e-01
-1.669496446847915649e-01,-6.304089426994323730e-01,5.265471935272216797e-01,-9.833809137344360352e-01,1.610827296972274780e-01,6.374250650405883789e-01,7.134269922971725464e-02,-7.593661546707153320e-01,5.625276565551757812e-01
6.151897907257080078e-01,4.480035603046417236e-01,3.089407086372375488e-01,5.890989899635314941e-01,4.094482362270355225e-01,6.914994716644287109e-01,5.239310860633850098e-01,7.947609424591064453e-01,6.529809236526489258e-01
6.690780818462371826e-02,5.626025795936584473e-01,-4.577310085296630859e-01,-8.168686628341674805e-01,7.674876451492309570e-01,-6.317050457000732422e-01,-5.729301571846008301e-01,3.073124885559082031e-01,-6.256444454193115234e-01
-9.367564916610717773e-01,-6.859667897224426270e-01,-4.340437650680541992e-01,1.103463247418403625e-01,-6.064661741256713867e-01,-6.738901138305664062e-01,3.321307599544525146e-01,-4.020551741123199463e-01,-5.978947877883911133e-01
5.528512001037597656e-01,-4.673795700073242188e-01,4.504330158233642578e-01,6.701784729957580566e-01,-5.634306669235229492e-01,6.601440906524658203e-01,4.951932132244110107e-01,-6.812505125999450684e-01,6.010988950729370117e-01
6.518576145172119141e-01,-3.380210995674133301e-01,2.595436871051788330e-01,5.092676281929016113e-01,-4.859898388385772705e-01,7.804118990898132324e-01,5.618969798088073730e-01,-8.059501647949218750e-01,5.688536167144775391e-01
-3.868891000747680664e-01,-3.425062894821166992e-01,5.144525170326232910e-01,-4.950024783611297607e-01,1.856659054756164551e-01,7.664241194725036621e-01,-7.780033946037292480e-01,-9.209873080253601074e-01,3.846201896667480469e-01
1.447367221117019653e-01,5.646587610244750977e-01,4.635718762874603271e-01,9.831429719924926758e-01,4.522101283073425293e-01,8.690018057823181152e-01,1.117188036441802979e-01,6.904103755950927734e-01,1.730234175920486450e-01
-4.030052125453948975e-01,-6.811011433601379395e-01,4.501957595348358154e-01,-8.049634695053100586e-01,-2.886500060558319092e-01,2.364116907119750977e-01,-4.354545772075653076e-01,-6.728910207748413086e-01,8.610652089118957520e-01
1.700507700443267822e-01,4.584903120994567871e-01,-4.970054030418395996e-01,9.254296422004699707e-01,5.171161517500877380e-02,-6.296623945236206055e-01,3.386188149452209473e-01,8.871936202049255371e-01,-5.970852971076965332e-01
1.818808317184448242e-01,-5.518275499343872070e-01,-3.985997736454010010e-01,5.103616714477539062e-01,-4.845725744962692261e-02,-8.803293704986572266e-01,8.405059576034545898e-01,-8.325491547584533691e-01,2.571740150451660156e-01
-1.917392462491989136e-01,-4.851591587066650391e-02,-7.627589106559753418e-01,-7.983167767524719238e-01,-3.695515990257263184e-01,-5.863132476806640625e-01,-5.708997845649719238e-01,9.279428124427795410e-01,-2.728286683559417725e-01
-8.478938937187194824e-01,5.421147346496582031e-01,2.801873981952667236e-01,-4.914921224117279053e-01,5.172998905181884766e-01,3.871927261352539062e-01,1.987750679254531860e-01,6.622027158737182617e-01,8.783944845199584961e-01
-9.582422673702239990e-02,-5.140183568000793457e-01,-8.921117782592773438e-01,4.393654763698577881e-01,-8.555740714073181152e-01,-2.844259440898895264e-01,8.931828737258911133e-01,6.146670877933502197e-02,-3.510532379150390625e-01
-6.313570737838745117e-01,-3.171014189720153809e-01,5.548493266105651855e-01,-3.552216887474060059e-01,-6.949731707572937012e-01,8.319490551948547363e-01,-6.893517374992370605e-01,-6.453363895416259766e-01,1.703514368273317814e-03
-4.875609278678894043e-01,-8.836075663566589355e-01,5.345488786697387695e-01,-8.286439776420593262e-01,-4.678589105606079102e-01,4.489400386810302734e-01,-2.750155925750732422e-01,1.859451644122600555e-02,7.160379290580749512e-01
2.731802761554718018e-01,5.112711191177368164e-01,4.383753240108489990e-01,-1.763466447591781616e-01,7.486585974693298340e-01,5.995303392410278320e-01,9.456608295440673828e-01,4.220333397388458252e-01,6.696196198463439941e-01
3.546134755015373230e-02,2.079606354236602783e-01,9.097084403038024902e-01,-9.190789461135864258e-01,7.244462966918945312e-01,3.405106067657470703e-01,3.924747109413146973e-01,6.572138071060180664e-01,2.376618236303329468e-01
1.665144860744476318e-01,-7.889704406261444092e-02,-6.980825662612915039e-01,-8.208420872688293457e-01,-5.917094945907592773e-01,-5.005248188972473145e-01,-5.463434457778930664e-01,8.022811412811279297e-01,-5.120114088058471680e-01
1.243651360273361206e-01,1.375787109136581421e-01,5.035884976387023926e-01,-9.777251482009887695e-01,6.150642633438110352e-01,4.695426821708679199e-01,1.690766215324401855e-01,7.763813138008117676e-01,7.252092361450195312e-01
3.818001151084899902e-01,3.526200652122497559e-01,-4.884868562221527100e-01,6.176108866930007935e-02,7.977798581123352051e-01,-6.311643123626708984e-01,9.221790432929992676e-01,4.890872240066528320e-01,-6.025049686431884766e-01
1.417462080717086792e-01,-3.289073109626770020e-01,7.353633046150207520e-01,5.622680187225341797e-01,-7.948895096778869629e-01,4.025968015193939209e-01,8.147162795066833496e-01,5.098731517791748047e-01,5.451207756996154785e-01
-7.470258474349975586e-01,-5.312014371156692505e-02,1.492337733507156372e-01,-3.192841112613677979e-01,-5.792751908302307129e-01,4.834911823272705078e-01,-5.831037163734436035e-01,-8.133993148803710938e-01,8.625344038009643555e-01
-8.717713356018066406e-01,-6.522701382637023926e-01,-5.137821435928344727e-01,-4.885171353816986084e-01,3.682650923728942871e-01,-5.201168656349182129e-01,-3.695764020085334778e-02,6.625137329101562500e-01,-6.822802424430847168e-01
9.756114482879638672e-01,6.910190582275390625e-01,-1.128311380743980408e-01,1.353978961706161499e-01,2.834697961807250977e-01,-4.720724225044250488e-01,1.727705895900726318e-01,6.649342179298400879e-01,-8.743093609809875488e-01
9.919395446777343750e-01,6.247611641883850098e-01,6.178095340728759766e-01,1.204107105731964111e-01,5.740087032318115234e-01,4.512257277965545654e-01,3.946105018258094788e-02,5.293274521827697754e-01,6.439772248268127441e-01
9.798306822776794434e-01,-3.809546232223510742e-01,-3.184026181697845459e-01,1.992394179105758667e-01,-2.565299570560455322e-01,-3.578297197818756104e-01,1.534020993858575821e-02,-8.882938027381896973e-01,-8.778255581855773926e-01
-8.637093901634216309e-01,7.960394024848937988e-01,-2.290886044502258301e-01,-4.405520856380462646e-01,5.073180198669433594e-01,-4.915638267993927002e-01,-2.447856217622756958e-01,-3.300752341747283936e-01,-8.401687145233154297e-01
5.129035711288452148e-01,5.637849569320678711e-01,-3.554482161998748779e-01,4.794841706752777100e-01,-5.818295478820800781e-01,-4.191761314868927002e-01,7.120568752288818359e-01,-5.861918926239013672e-01,-8.354328274726867676e-01
-3.323896825313568115e-01,4.277936816215515137e-01,-5.731539726257324219e-01,6.022066473960876465e-01,3.964551389217376709e-01,-5.655292272567749023e-01,7.258540987968444824e-01,8.122905492782592773e-01,-5.930187106132507324e-01
-2.271301150321960449e-01,9.102143645286560059e-01,-5.308338999748229980e-01,-1.157359704375267029e-01,-2.818538434803485870e-02,-4.222258031368255615e-01,9.669628143310546875e-01,4.131772220134735107e-01,-7.348065972328186035e-01
1.583689898252487183e-01,3.325209617614746094e-01,-7.311670184135437012e-01,9.873790740966796875e-01,6.741791367530822754e-01,2.460705637931823730e-01,-1.401340938173234463e-03,6.594789028167724609e-01,-6.362735629081726074e-01
-2.659074068069458008e-01,-8.857201337814331055e-01,4.392911195755004883e-01,-8.681124448776245117e-01,-3.961195945739746094e-01,3.333764672279357910e-01,-4.191346764564514160e-01,-2.420517653226852417e-01,8.341963291168212891e-01
-3.058139383792877197e-01,-9.597363471984863281e-01,7.729623317718505859e-01,-7.638957500457763672e-01,-2.727263569831848145e-01,1.306338310241699219e-01,-5.682790279388427734e-01,-6.728006154298782349e-02,6.208574771881103516e-01
-4.332659244537353516e-01,3.314192295074462891e-01,9.675285816192626953e-01,-3.721694052219390869e-01,9.251629710197448730e-01,1.810300350189208984e-01,-8.208353519439697266e-01,1.850264817476272583e-01,1.763990074396133423e-01
-7.220471501350402832e-01,-5.098376870155334473e-01,-3.918769359588623047e-01,-4.771283566951751709e-01,-5.690858960151672363e-01,-6.757887601852416992e-01,-5.009954571723937988e-01,-6.451409459114074707e-01,-6.242932081222534180e-01
-5.175643563270568848e-01,-7.678844332695007324e-01,-7.358376681804656982e-02,-4.902777671813964844e-01,-5.510275959968566895e-01,2.716575264930725098e-01,-7.012523412704467773e-01,3.266834616661071777e-01,9.595767259597778320e-01
9.528330527245998383e-03,-8.505244553089141846e-02,-5.732169151306152344e-01,9.240349531173706055e-01,-5.830042958259582520e-01,-4.902428686618804932e-01,-3.821891248226165771e-01,-8.080050349235534668e-01,-6.565701365470886230e-01
-2.522814273834228516e-01,3.987129628658294678e-01,-5.366560220718383789e-01,-5.011758804321289062e-01,8.586669564247131348e-01,-8.357958197593688965e-01,-8.277540802955627441e-01,-3.220543265342712402e-01,-1.159556135535240173e-01
-6.541997194290161133e-01,-8.833614736795425415e-02,-5.320252180099487305e-01,-4.332459568977355957e-01,-9.943123459815979004e-01,-5.899741649627685547e-01,-6.199360489845275879e-01,5.949472263455390930e-02,-6.073545217514038086e-01
1.715287566184997559e-02,-7.328129410743713379e-01,-2.011146694421768188e-01,-4.811053723096847534e-02,-3.911188542842864990e-01,-8.192389607429504395e-01,-9.986947178840637207e-01,-5.567865371704101562e-01,-5.370293259620666504e-01
4.745041951537132263e-02,5.429971218109130859e-01,-5.966229438781738281e-01,-4.479008316993713379e-01,1.745961308479309082e-01,-6.946852207183837891e-01,-8.928232789039611816e-01,8.213832378387451172e-01,4.018127024173736572e-01
-9.393070936203002930e-01,-6.155143976211547852e-01,6.014300584793090820e-01,-5.995348468422889709e-02,-4.779180884361267090e-01,2.602535188198089600e-01,-3.377983272075653076e-01,-6.266868114471435547e-01,7.553476691246032715e-01
-8.785237073898315430e-01,-7.340672612190246582e-01,2.899366021156311035e-01,-3.509033620357513428e-01,-4.171970784664154053e-01,4.999321699142456055e-01,-3.241342604160308838e-01,-5.358095169067382812e-01,8.160910606384277344e-01
8.739185333251953125e-01,7.589538693428039551e-01,-4.602622687816619873e-01,3.130915164947509766e-01,6.887333840131759644e-02,-5.175945162773132324e-01,3.718064725399017334e-01,6.474916934967041016e-01,-7.212867736816406250e-01
6.690594553947448730e-01,5.152285695075988770e-01,2.714620530605316162e-01,5.462799668312072754e-01,5.824884772300720215e-01,-3.060555458068847656e-01,5.039222240447998047e-01,6.286864876747131348e-01,-9.124901890754699707e-01
9.338374733924865723e-01,7.316333651542663574e-01,-2.963453233242034912e-01,3.561202287673950195e-01,4.619722068309783936e-01,-4.531852602958679199e-01,-3.355270996689796448e-02,5.012925267219543457e-01,-8.407154679298400879e-01
8.898636102676391602e-01,7.006689906120300293e-01,-2.357707321643829346e-01,3.162955939769744873e-01,-1.249569728970527649e-01,-4.861207902431488037e-01,3.287855088710784912e-01,-7.024590373039245605e-01,-8.414860367774963379e-01
9.777127206325531006e-02,-6.073473095893859863e-01,9.660475254058837891e-01,2.268582582473754883e-01,-6.516357660293579102e-01,-2.383820116519927979e-01,9.690077900886535645e-01,-4.544226229190826416e-01,-9.962976723909378052e-02
5.526472330093383789e-01,8.890085220336914062e-01,5.432099699974060059e-01,7.034736871719360352e-01,-1.319176238030195236e-02,1.830454170703887939e-01,4.468845725059509277e-01,-4.577005803585052490e-01,8.194004893302917480e-01
-9.142314642667770386e-02,-5.444121956825256348e-01,-4.359463751316070557e-01,-1.096857711672782898e-01,-5.354288816452026367e-01,-1.456891894340515137e-01,9.897528886795043945e-01,-6.457021236419677734e-01,-8.881021738052368164e-01
9.584430456161499023e-01,-7.753144502639770508e-01,-5.441047549247741699e-01,2.365956902503967285e-01,-4.237250089645385742e-01,-3.799118399620056152e-01,1.594029664993286133e-01,-4.683423042297363281e-01,-7.480755448341369629e-01
8.676700592041015625e-01,5.553796887397766113e-01,6.590719521045684814e-02,2.999606728553771973e-01,5.067194104194641113e-01,-5.712285637855529785e-01,3.964496254920959473e-01,6.593851447105407715e-01,-8.181407451629638672e-01
-2.507702410221099854e-01,4.359575808048248291e-01,-5.317534804344177246e-01,-7.720103263854980469e-01,3.603093326091766357e-01,-7.413645386695861816e-01,-5.840498805046081543e-01,8.246927261352539062e-01,4.094104170799255371e-01
-1.573902964591979980e-01,5.627408623695373535e-01,2.305177003145217896e-01,-9.779949784278869629e-01,5.233566761016845703e-01,4.715425074100494385e-01,-1.369459778070449829e-01,6.398598551750183105e-01,8.511810898780822754e-01
-1.843869984149932861e-01,5.707626938819885254e-01,4.563526213169097900e-01,-9.253974556922912598e-01,4.294054508209228516e-01,2.205017060041427612e-01,3.311207294464111328e-01,6.998863220214843750e-01,8.620448708534240723e-01
-3.273777067661285400e-01,-7.816823720932006836e-01,-6.920242309570312500e-01,-8.663318753242492676e-01,-2.021942846477031708e-02,-1.745751053094863892e-01,-3.772173821926116943e-01,-6.233488917350769043e-01,-7.004469633102416992e-01
-7.458743173629045486e-03,-1.850882172584533691e-01,4.418027102947235107e-01,9.075799584388732910e-01,-5.726551413536071777e-01,5.170249342918395996e-01,-4.198130965232849121e-01,-7.986291050910949707e-01,7.331409454345703125e-01
-1.386135816574096680e-01,4.181365668773651123e-01,-7.044647932052612305e-01,1.833396703004837036e-01,8.259835243225097656e-01,1.084405779838562012e-01,-9.732280373573303223e-01,3.780384063720703125e-01,-7.014056444168090820e-01
5.932716131210327148e-01,-3.552480340003967285e-01,5.228052139282226562e-01,-5.920276045799255371e-01,-9.201697111129760742e-01,7.816844582557678223e-01,5.454650521278381348e-01,-1.645799577236175537e-01,3.400650322437286377e-01
1.765478551387786865e-01,4.032446146011352539e-01,4.047963321208953857e-01,8.749056458473205566e-01,3.822560906410217285e-01,1.707696467638015747e-01,4.509668648242950439e-01,8.314288854598999023e-01,-8.983193039894104004e-01
-2.958946824073791504e-01,-6.732504963874816895e-01,-2.764575779438018799e-01,-9.195631146430969238e-01,-2.929493784904479980e-01,-5.448830723762512207e-01,-2.585538327693939209e-01,-6.789067983627319336e-01,-7.916272282600402832e-01
2.302946150302886963e-02,3.841954171657562256e-01,-5.834149122238159180e-01,9.335183501243591309e-01,9.163618087768554688e-01,-4.828474521636962891e-01,3.577892184257507324e-01,1.125831082463264465e-01,-6.530585289001464844e-01
2.706281244754791260e-01,-2.505714297294616699e-01,-4.959736764430999756e-01,-5.641741156578063965e-01,-9.511665105819702148e-01,-7.436096072196960449e-01,7.800436019897460938e-01,1.802669465541839600e-01,-4.483913779258728027e-01
-3.875235617160797119e-01,7.508164644241333008e-01,3.633811473846435547e-01,-7.937865257263183594e-01,-1.851811259984970093e-01,4.417115151882171631e-01,-4.687519371509552002e-01,6.340210437774658203e-01,8.202713727951049805e-01
-9.269767999649047852e-02,-5.770128369331359863e-01,5.120921134948730469e-01,-9.807906746864318848e-01,-5.150013566017150879e-01,5.150228142738342285e-01,1.716295778751373291e-01,-6.339004039764404297e-01,6.873959898948669434e-01
2.737170457839965820e-01,-2.432003617286682129e-01,-3.916969597339630127e-01,9.271315932273864746e-01,-3.508010506629943848e-01,-2.791263759136199951e-01,2.559412419795989990e-01,-9.043186306953430176e-01,-8.767337203025817871e-01
5.442566871643066406e-01,6.447762250900268555e-01,4.800351262092590332e-01,4.284858703613281250e-01,6.735878586769104004e-01,8.245829343795776367e-01,7.212381958961486816e-01,3.613072037696838379e-01,2.993813753128051758e-01
3.175258934497833252e-01,-6.725687384605407715e-01,5.288870930671691895e-01,9.345507621765136719e-01,2.493579536676406860e-01,6.019631028175354004e-01,1.605994254350662231e-01,-6.967580914497375488e-01,5.982632040977478027e-01
-6.849091649055480957e-01,-4.980734586715698242e-01,6.356732845306396484e-01,6.857466697692871094e-01,-7.245495915412902832e-01,1.535059362649917603e-01,2.462742328643798828e-01,-4.763933718204498291e-01,7.565416693687438965e-01
6.360690295696258545e-02,6.147874593734741211e-01,-5.322885513305664062e-01,9.719263911247253418e-01,8.766175247728824615e-03,-6.080810427665710449e-01,-2.265242040157318115e-01,7.886441946029663086e-01,-5.889875888824462891e-01
-1.477096825838088989e-01,4.016279280185699463e-01,-8.364170789718627930e-01,-9.852909445762634277e-01,4.970489740371704102e-01,-7.517997920513153076e-02,8.592796325683593750e-02,7.691797018051147461e-01,-5.429129004478454590e-01
9.911348223686218262e-01,-8.078628778457641602e-01,1.836233288049697876e-01,-6.685372442007064819e-02,-2.679295837879180908e-02,5.459686517715454102e-01,1.148143187165260315e-01,-5.887612700462341309e-01,8.174355030059814453e-01
-3.903732001781463623e-01,-4.823106527328491211e-01,-7.746548056602478027e-01,-7.587455511093139648e-01,-6.590052843093872070e-01,-1.901212036609649658e-01,-5.214537382125854492e-01,5.771381258964538574e-01,-6.031283736228942871e-01
1.747983545064926147e-01,-5.479943156242370605e-01,-5.024159550666809082e-01,9.300232529640197754e-01,-3.655018508434295654e-01,-7.124587893486022949e-01,3.232679665088653564e-01,-7.524032592773437500e-01,-4.898782372474670410e-01
2.778657078742980957e-01,2.854280769824981689e-01,5.931193828582763672e-01,-9.374686479568481445e-01,-3.047829866409301758e-01,5.946567654609680176e-01,2.096261978149414062e-01,9.086463451385498047e-01,5.427640080451965332e-01
7.602964639663696289e-01,-3.092244267463684082e-01,5.362487435340881348e-01,2.839408628642559052e-02,-7.252985835075378418e-01,6.137475967407226562e-01,6.489554047584533691e-01,-6.150790452957153320e-01,5.794404149055480957e-01
5.585506185889244080e-02,-1.153698004782199860e-02,-4.764987826347351074e-01,-9.583128690719604492e-01,-9.996054172515869141e-01,-6.066289544105529785e-01,-2.802082300186157227e-01,2.561038732528686523e-02,-6.363569498062133789e-01
6.431203335523605347e-02,4.059976935386657715e-01,-5.402458906173706055e-01,9.031221270561218262e-01,4.493792653083801270e-01,-8.020783662796020508e-01,4.245401918888092041e-01,7.957537770271301270e-01,-2.545677125453948975e-01
-4.802720993757247925e-02,6.079735755920410156e-01,-4.053699970245361328e-01,9.796137809753417969e-01,6.343901753425598145e-01,-2.783097922801971436e-01,-1.950644850730895996e-01,4.774067401885986328e-01,-8.707576394081115723e-01
-6.053843498229980469e-01,-5.564276576042175293e-01,8.271802216768264771e-02,-4.469075202941894531e-01,-5.786145329475402832e-01,9.755716323852539062e-01,-6.586223244667053223e-01,-5.963166356086730957e-01,2.035134732723236084e-01
9.638918638229370117e-01,-4.453649818897247314e-01,4.638119786977767944e-02,2.354549318552017212e-01,-7.109777331352233887e-01,7.098634839057922363e-01,-1.243920922279357910e-01,-5.442064404487609863e-01,7.028106451034545898e-01
