2.978899180889129639e-01,-1.765941828489303589e-02,6.426885128021240234e-01,4.407031834125518799e-01,8.915748596191406250e-01,6.190937757492065430e-01,8.467835187911987305e-01,-4.525288641452789307e-01,4.513029158115386963e-01
5.261523127555847168e-01,-6.127009391784667969e-01,-9.338424205780029297e-01,2.512893974781036377e-01,-4.889475703239440918e-01,2.037700414657592773e-01,8.124145269393920898e-01,-6.209088563919067383e-01,2.939662337303161621e-01
-1.811193525791168213e-01,3.530617058277130127e-01,8.468255400657653809e-01,5.563247799873352051e-01,7.176790237426757812e-01,7.777263224124908447e-02,-8.109861612319946289e-01,6.002369523048400879e-01,5.261539816856384277e-01
-5.756288170814514160e-01,2.763149440288543701e-01,4.347441196441650391e-01,-7.103351950645446777e-01,-2.095297873020172119e-01,3.169390857219696045e-01,-4.050622284412384033e-01,9.379484653472900391e-01,8.429396152496337891e-01
-5.785431265830993652e-01,-1.890970319509506226e-01,6.480455994606018066e-01,-3.419149518013000488e-01,2.573333680629730225e-02,7.117057442665100098e-01,-7.405282258987426758e-01,-9.816211462020874023e-01,2.711306512355804443e-01
5.561393499374389648e-01,-5.343316793441772461e-01,-1.958850920200347900e-01,6.231233477592468262e-01,-3.776944279670715332e-01,-5.663985610008239746e-01,5.499330163002014160e-01,-7.561987042427062988e-01,-8.005133867263793945e-01
-7.296456098556518555e-01,5.592945218086242676e-01,-4.711249470710754395e-01,-5.970602631568908691e-01,6.295197010040283203e-01,-5.742944478988647461e-01,3.333712518215179443e-01,5.393465757369995117e-01,-6.694976687431335449e-01
-7.732003331184387207e-01,1.095795407891273499e-01,1.793948560953140259e-02,-4.630884528160095215e-01,3.096625804901123047e-01,2.943446338176727295e-01,-4.332555234432220459e-01,9.445111751556396484e-01,9.555310010910034180e-01
-2.910752892494201660e-01,6.009613275527954102e-01,4.787659943103790283e-01,-3.047637343406677246e-01,5.363593101501464844e-01,2.606210708618164062e-01,9.068595170974731445e-01,5.925911068916320801e-01,8.383673429489135742e-01
-2.741131782531738281e-01,-4.083673954010009766e-01,-3.797677755355834961e-01,8.216614834964275360e-03,-9.117612838745117188e-01,-4.953979849815368652e-01,-9.616623520851135254e-01,-4.390309005975723267e-02,-7.812536358833312988e-01
-8.360008597373962402e-01,-5.976373553276062012e-01,-4.553877413272857666e-01,-4.449047744274139404e-01,1.764870733022689819e-01,-4.631453752517700195e-01,-3.211889564990997314e-01,7.821009755134582520e-01,-7.603409290313720703e-01
3.958384096622467041e-01,4.904896020889282227e-01,-7.025582194328308105e-01,3.982191681861877441e-01,6.626676917076110840e-01,-5.098416656255722046e-02,8.274861574172973633e-01,5.659430027008056641e-01,7.097975611686706543e-01
-2.180810868740081787e-01,4.779205620288848877e-01,-8.494423031806945801e-01,-3.813922703266143799e-01,4.037890732288360596e-01,-1.283233910799026489e-01,8.983209729194641113e-01,7.800937891006469727e-01,5.118407011032104492e-01
-4.635698497295379639e-01,-6.385315656661987305e-01,-2.092914432287216187e-01,-3.760643005371093750e-01,-5.695942640304565430e-01,2.773545682430267334e-01,-8.022958636283874512e-01,-5.175324678421020508e-01,-9.376948475837707520e-01
-8.366181850433349609e-01,5.658850669860839844e-01,-1.750496923923492432e-01,-4.430511295795440674e-01,3.163788318634033203e-01,-4.550241827964782715e-01,-3.221422433853149414e-01,7.613661885261535645e-01,-8.731039762496948242e-01
-2.158196270465850830e-01,4.977525770664215088e-01,-2.284273803234100342e-01,-2.216403782367706299e-01,5.232707858085632324e-01,-7.640478760004043579e-02,9.509454965591430664e-01,6.916863322257995605e-01,-9.705582261085510254e-01
4.041901826858520508e-01,-7.849036455154418945e-01,-6.178472191095352173e-02,5.005713105201721191e-01,-3.792252242565155029e-01,-5.820556282997131348e-01,7.655447125434875488e-01,-4.900149405002593994e-01,8.107984066009521484e-01
2.220967561006546021e-01,-6.565072536468505859e-01,-6.263116598129272461e-01,2.850232422351837158e-01,-7.119106650352478027e-01,-5.248762965202331543e-01,9.324347972869873047e-01,2.493618726730346680e-01,-5.764014124870300293e-01
-3.886457681655883789e-01,-5.799924731254577637e-01,-6.370410919189453125e-01,-3.953691422939300537e-01,-8.133112192153930664e-01,-2.543118298053741455e-01,-8.322486281394958496e-01,-4.619131609797477722e-02,-7.276703119277954102e-01
9.123789668083190918e-01,-4.070756137371063232e-01,-4.632284045219421387e-01,2.719220221042633057e-01,-5.361615866422653198e-02,-6.266142725944519043e-01,3.059785962104797363e-01,-9.118194580078125000e-01,-6.267168521881103516e-01
5.642108917236328125e-01,-4.781446456909179688e-01,-1.679910570383071899e-01,8.228900432586669922e-01,-3.343736529350280762e-01,-6.866006851196289062e-01,6.721623241901397705e-02,-8.121403455734252930e-01,-7.073602080345153809e-01
5.061180889606475830e-02,4.699935019016265869e-01,7.443481683731079102e-01,-3.203496932983398438e-01,4.641058146953582764e-01,-6.549131870269775391e-01,9.459463357925415039e-01,7.508074641227722168e-01,1.305159777402877808e-01
2.974425852298736572e-01,4.022167325019836426e-01,-8.017573356628417969e-01,3.682233691215515137e-01,9.115853309631347656e-01,-5.251206755638122559e-01,8.808742761611938477e-01,8.505215495824813843e-02,-2.853656113147735596e-01
1.057723760604858398e-01,-7.339324951171875000e-01,-4.933698177337646484e-01,-3.330526500940322876e-02,-4.894245564937591553e-01,8.289665728807449341e-02,-9.938324093818664551e-01,-4.709636569023132324e-01,-8.658604621887207031e-01
9.374072402715682983e-02,-7.896396517753601074e-01,7.786358594894409180e-01,-6.757055521011352539e-01,-6.121380925178527832e-01,1.866521835327148438e-01,-7.311871647834777832e-01,-4.190585762262344360e-02,5.990719199180603027e-01
-2.682617306709289551e-01,-5.731835961341857910e-01,-8.917795419692993164e-01,-3.733448386192321777e-01,-6.991358995437622070e-01,4.118812680244445801e-01,-8.880592584609985352e-01,-4.273986518383026123e-01,-1.873050630092620850e-01
8.093652315437793732e-03,5.059863328933715820e-01,-3.632561564445495605e-01,2.147283405065536499e-02,7.094677686691284180e-01,-6.762996912002563477e-01,9.997367262840270996e-01,4.905439317226409912e-01,-6.408304572105407715e-01
6.055721044540405273e-01,-6.627756953239440918e-01,2.318455129861831665e-01,4.483706355094909668e-01,-5.113936066627502441e-01,-7.885142415761947632e-02,-6.574543118476867676e-01,-5.469961762428283691e-01,9.695515036582946777e-01
6.824442744255065918e-01,2.122312039136886597e-01,6.228851079940795898e-01,7.070922255516052246e-01,7.472596168518066406e-01,3.738103434443473816e-02,1.851769089698791504e-01,6.297308206558227539e-01,7.814196944236755371e-01
-1.853841841220855713e-01,-4.202782511711120605e-01,5.658437013626098633e-01,3.336006700992584229e-01,1.492853015661239624e-01,5.979139804840087891e-01,9.243069887161254883e-01,-8.950307369232177734e-01,5.677320957183837891e-01
6.490054726600646973e-01,-7.254844903945922852e-01,-4.642010033130645752e-01,5.496138930320739746e-01,-6.852561235427856445e-01,-3.761201798915863037e-01,5.260384082794189453e-01,-6.400247663259506226e-02,-8.019046783447265625e-01
3.953576087951660156e-01,6.350023150444030762e-01,5.044374465942382812e-01,9.185235500335693359e-01,-6.990773081779479980e-01,4.759993255138397217e-01,-2.605765126645565033e-03,3.287293314933776855e-01,7.203940153121948242e-01
7.256757467985153198e-02,4.131730496883392334e-01,5.673194527626037598e-01,1.600382328033447266e-01,7.587701678276062012e-01,3.173755109310150146e-01,-9.844397902488708496e-01,5.035434365272521973e-01,7.598825097084045410e-01
-4.580953419208526611e-01,8.751857280731201172e-01,4.877772629261016846e-01,4.203231334686279297e-01,3.832864761352539062e-01,4.686875641345977783e-01,-7.832477688789367676e-01,2.951971590518951416e-01,7.364817261695861816e-01
1.313632819801568985e-03,5.166783928871154785e-01,7.917560935020446777e-01,-9.810083508491516113e-01,4.495794773101806641e-01,6.086375117301940918e-01,-1.939608156681060791e-01,7.286437749862670898e-01,-5.179480463266372681e-02
1.850328892469406128e-01,3.227286338806152344e-01,8.718137741088867188e-01,7.009348273277282715e-01,8.534039258956909180e-01,5.482102930545806885e-02,6.888055801391601562e-01,-4.093263745307922363e-01,4.867601692676544189e-01
7.630057334899902344e-01,6.964812278747558594e-01,-1.617686897516250610e-01,4.010440111160278320e-01,4.328825771808624268e-01,-3.918882310390472412e-01,5.069378614425659180e-01,5.722993016242980957e-01,-9.056790471076965332e-01
-4.874900281429290771e-01,4.615499377250671387e-01,3.272258043289184570e-01,-6.158022284507751465e-01,1.193815395236015320e-01,-2.615371253341436386e-03,-6.189839243888854980e-01,8.790447711944580078e-01,9.449425339698791504e-01
-5.581442266702651978e-02,7.959429621696472168e-01,3.855474293231964111e-01,9.069178253412246704e-02,5.163774490356445312e-01,4.773576557636260986e-01,9.943137764930725098e-01,3.159575760364532471e-01,7.896093726158142090e-01
9.992825239896774292e-02,-9.377055168151855469e-01,4.990038275718688965e-01,2.589802630245685577e-02,-1.467525511980056763e-01,5.460832118988037109e-01,9.946575760841369629e-01,-3.149158954620361328e-01,6.728954315185546875e-01
-6.417089700698852539e-01,-7.811843156814575195e-01,-1.698084175586700439e-01,-1.910666823387145996e-01,-2.965577542781829834e-01,-4.551701247692108154e-01,7.427672147750854492e-01,-5.493673682212829590e-01,-8.740625977516174316e-01
1.065072417259216309e-01,7.495589852333068848e-01,-5.874052047729492188e-01,5.839565992355346680e-01,-7.896623015403747559e-02,-6.972083449363708496e-01,8.047676682472229004e-01,6.572105884552001953e-01,-4.109204411506652832e-01
1.074657514691352844e-01,-7.061011195182800293e-01,1.882968395948410034e-01,1.211432740092277527e-01,-5.172678828239440918e-01,2.286115139722824097e-01,9.868005514144897461e-01,-4.835856854915618896e-01,9.551340341567993164e-01
-3.572344779968261719e-01,-7.639392614364624023e-01,4.652352929115295410e-01,-4.117533266544342041e-01,-5.376341342926025391e-01,8.325625658035278320e-01,-8.383572101593017578e-01,-3.568562269210815430e-01,3.006587326526641846e-01
4.378125667572021484e-01,7.383522391319274902e-01,2.472931742668151855e-01,4.444717466831207275e-01,6.733859181404113770e-01,5.614187717437744141e-01,7.815145850181579590e-01,-3.724677115678787231e-02,-7.897183299064636230e-01
3.553295880556106567e-02,-5.770844221115112305e-01,6.900107860565185547e-01,4.334920942783355713e-01,-5.900270938873291016e-01,-2.345905005931854248e-01,-9.004565477371215820e-01,-5.646605491638183594e-01,-6.847279667854309082e-01
-3.626119792461395264e-01,-4.884060621261596680e-01,-5.968677997589111328e-01,1.402112096548080444e-01,8.712546229362487793e-01,-4.522764384746551514e-01,9.213324189186096191e-01,-4.873326420783996582e-02,-6.627177000045776367e-01
-5.725269913673400879e-01,-7.244705557823181152e-01,4.342646300792694092e-01,-2.944718003273010254e-01,-3.992573022842407227e-01,8.494204282760620117e-01,7.651792168617248535e-01,-5.619038939476013184e-01,2.998318672180175781e-01
7.433409094810485840e-01,-5.108072161674499512e-01,-2.263149917125701904e-01,-5.901141166687011719e-01,-7.053965330123901367e-01,-8.431082963943481445e-01,3.149758875370025635e-01,-4.914180338382720947e-01,-4.878010749816894531e-01
1.142364442348480225e-01,7.206719517707824707e-01,-1.527953594923019409e-01,-1.961973011493682861e-01,5.255456566810607910e-01,-5.031281709671020508e-01,9.738873839378356934e-01,4.521434307098388672e-01,-8.505972623825073242e-01
5.027223229408264160e-01,3.010419011116027832e-01,-5.696915388107299805e-01,4.473804533481597900e-01,3.262416422367095947e-01,-4.313144981861114502e-01,7.396762967109680176e-01,-8.960692882537841797e-01,-6.995852589607238770e-01
1.697874963283538818e-01,-5.967171192169189453e-01,6.549732089042663574e-01,9.418448805809020996e-01,-7.582388818264007568e-02,2.662925124168395996e-01,2.900008857250213623e-01,-7.988613247871398926e-01,7.071763277053833008e-01
-2.961880564689636230e-01,3.722015023231506348e-01,-5.075451135635375977e-01,-7.754048705101013184e-01,-7.717158794403076172e-01,-4.442420601844787598e-01,5.576915740966796875e-01,-5.156750679016113281e-01,-7.382729649543762207e-01
-6.529140472412109375e-01,-9.190621376037597656e-01,4.868915975093841553e-01,5.218819975852966309e-01,-3.675225675106048584e-01,6.201952695846557617e-01,-5.489466190338134766e-01,1.423090100288391113e-01,6.150564551353454590e-01
-2.532255351543426514e-01,1.399119794368743896e-01,7.877143621444702148e-01,-2.652718722820281982e-01,7.975996136665344238e-01,5.412124991416931152e-01,-9.303266406059265137e-01,5.867362618446350098e-01,-2.942704260349273682e-01
3.217963576316833496e-01,2.725900709629058838e-02,8.192804455757141113e-01,6.235428452491760254e-01,5.409728884696960449e-01,3.250882923603057861e-01,7.124895453453063965e-01,-8.405982255935668945e-01,4.723314940929412842e-01
3.408377468585968018e-01,2.916861176490783691e-01,-5.463449954986572266e-01,-9.397308826446533203e-01,5.638386607170104980e-01,-2.779900133609771729e-01,-2.712220884859561920e-02,7.726610898971557617e-01,-7.900815010070800781e-01
5.996018052101135254e-01,4.039625525474548340e-01,-2.669350206851959229e-01,6.426650881767272949e-01,6.606808900833129883e-01,-4.097065329551696777e-01,4.769268333911895752e-01,6.327046155929565430e-01,-8.722880482673645020e-01
7.883960604667663574e-01,3.423093855381011963e-01,-3.989160526543855667e-03,4.623550176620483398e-01,5.046671032905578613e-01,-3.747536242008209229e-01,4.057825505733489990e-01,7.925499677658081055e-01,-9.271157979965209961e-01
-7.581482529640197754e-01,-7.975919246673583984e-01,-5.981299877166748047e-01,-2.184815555810928345e-01,-1.682058274745941162e-01,-5.187879800796508789e-01,6.143915653228759766e-01,-5.792701244354248047e-01,-6.108187437057495117e-01
8.081925511360168457e-01,-6.793558597564697266e-01,-2.411537319421768188e-01,4.328300356864929199e-01,-3.019495308399200439e-01,-5.418499708175659180e-01,-3.993531465530395508e-01,-6.688064932823181152e-01,-8.051356673240661621e-01
3.750382065773010254e-01,1.234445124864578247e-01,5.846575498580932617e-01,9.109667539596557617e-01,-2.720785737037658691e-01,2.712999284267425537e-01,1.717144697904586792e-01,-9.543242454528808594e-01,7.645729780197143555e-01
-4.103680253028869629e-01,-4.294835031032562256e-01,-9.134513139724731445e-01,6.158767342567443848e-01,-5.870620608329772949e-01,-3.986361920833587646e-01,-6.725280284881591797e-01,-6.862231492996215820e-01,-8.182846754789352417e-02
-3.542298376560211182e-01,-3.620904088020324707e-01,-2.998664975166320801e-01,-2.920044958591461182e-01,-9.153692126274108887e-01,-8.768270015716552734e-01,-8.883999586105346680e-01,-1.760385185480117798e-01,-3.758383691310882568e-01
-1.471266895532608032e-01,3.528605997562408447e-01,7.158181667327880859e-01,1.880618035793304443e-01,7.483516335487365723e-01,3.323012590408325195e-01,-9.710749387741088867e-01,5.616575479507446289e-01,6.141499280929565430e-01
-2.423121333122253418e-01,-3.715047836303710938e-01,8.568350672721862793e-01,6.736653447151184082e-01,-6.662479043006896973e-01,3.283336162567138672e-01,6.981831192970275879e-01,-6.466048955917358398e-01,3.975307047367095947e-01
8.320121169090270996e-01,5.908557772636413574e-01,-4.153587222099304199e-01,2.927954196929931641e-01,4.714017808437347412e-01,-6.726891398429870605e-01,-4.711970090866088867e-01,6.547287702560424805e-01,-6.123449802398681641e-01
5.732023715972900391e-01,-3.689582347869873047e-01,-2.855398356914520264e-01,6.517481803894042969e-01,-8.358948230743408203e-01,-6.244462728500366211e-01,4.966522157192230225e-01,-4.063860177993774414e-01,-7.270033955574035645e-01
3.626543283462524414e-01,-6.598136574029922485e-02,-4.961107075214385986e-01,5.714534521102905273e-01,-5.148673057556152344e-01,-8.486652970314025879e-01,7.361540198326110840e-01,8.547269105911254883e-01,-1.834157854318618774e-01
1.505259871482849121e-01,4.103247225284576416e-01,6.693862080574035645e-01,2.575416266918182373e-01,7.320731878280639648e-01,7.283191084861755371e-01,9.544706344604492188e-01,5.437853932380676270e-01,1.465377360582351685e-01
4.929631352424621582e-01,5.742631554603576660e-01,-4.141415357589721680e-01,1.544331610202789307e-01,7.097987532615661621e-01,-7.328403592109680176e-01,8.562346696853637695e-01,4.079311490058898926e-01,-5.398442149162292480e-01
5.740216970443725586e-01,3.883230984210968018e-01,-4.583742618560791016e-01,8.470154553651809692e-02,9.205415844917297363e-01,-7.734417915344238281e-01,8.144474029541015625e-01,-4.252474382519721985e-02,-4.378136992454528809e-01
4.743031263351440430e-01,-4.132399260997772217e-01,-4.587932825088500977e-01,3.933959305286407471e-01,-5.982109904289245605e-01,-6.833012700080871582e-01,7.875761389732360840e-01,-6.865685582160949707e-01,-5.679860711097717285e-01
-4.823028147220611572e-01,-6.059290766716003418e-01,5.098355412483215332e-01,-7.940715551376342773e-01,-5.966669917106628418e-01,6.067026257514953613e-01,-3.699112236499786377e-01,-5.261543393135070801e-01,6.099012494087219238e-01
1.031581033021211624e-02,1.033948287367820740e-01,-3.292032182216644287e-01,-5.628417134284973145e-01,5.594257712364196777e-01,-6.770249605178833008e-01,8.265002965927124023e-01,8.224064111709594727e-01,-6.582268476486206055e-01
-4.550738930702209473e-01,5.757079124450683594e-01,-4.228112399578094482e-01,-5.824719667434692383e-01,5.862804651260375977e-01,-8.913534879684448242e-01,6.735236048698425293e-01,5.699434876441955566e-01,1.634615510702133179e-01
5.442578196525573730e-01,4.739702641963958740e-01,-5.268850326538085938e-01,5.980912446975708008e-01,6.579645872116088867e-01,-3.165520727634429932e-01,5.882773995399475098e-01,5.851792693138122559e-01,-7.887882590293884277e-01
5.447019264101982117e-02,-2.153910100460052490e-01,-4.158624112606048584e-01,-9.464293718338012695e-01,-9.748758077621459961e-01,-7.252700924873352051e-01,3.182834982872009277e-01,-5.677857622504234314e-02,-5.486726164817810059e-01
6.215196847915649414e-01,-4.174398779869079590e-01,-3.463020622730255127e-01,1.239393502473831177e-01,-8.303778767585754395e-01,-7.232371568679809570e-01,7.735323905944824219e-01,-3.690753281116485596e-01,-5.974971652030944824e-01
3.549646139144897461e-01,3.176108002662658691e-01,-4.505272805690765381e-01,-8.894045352935791016e-01,8.522168993949890137e-01,-3.702118694782257080e-01,2.880271375179290771e-01,4.157519042491912842e-01,-8.123844265937805176e-01
-1.177177950739860535e-01,2.835796177387237549e-01,-6.386129260063171387e-01,9.124309420585632324e-01,6.818578243255615234e-01,-5.291996598243713379e-01,-3.919339478015899658e-01,6.742792725563049316e-01,-5.586782693862915039e-01
-2.048289030790328979e-02,-5.386414527893066406e-01,-5.458597540855407715e-01,9.810776114463806152e-01,-3.462385535240173340e-01,-7.680246829986572266e-01,-1.925279945135116577e-01,-7.681043148040771484e-01,-3.349256217479705811e-01
1.630386710166931152e-01,5.722654461860656738e-01,-5.169962644577026367e-01,9.712437987327575684e-01,5.201851725578308105e-01,-4.996514618396759033e-01,1.735043525695800781e-01,6.339712142944335938e-01,-6.950275301933288574e-01
-6.098722219467163086e-01,9.320384860038757324e-01,-4.339426755905151367e-01,7.759395837783813477e-01,-1.941967457532882690e-01,-5.910441875457763672e-01,-1.611638516187667847e-01,3.059277832508087158e-01,-6.799709200859069824e-01
2.175668179988861084e-01,-4.789181053638458252e-01,-2.855361998081207275e-01,2.155051976442337036e-01,-6.471975445747375488e-01,-8.299276232719421387e-01,-9.519570469856262207e-01,-5.931044220924377441e-01,-4.792590141296386719e-01
2.967760860919952393e-01,4.570806026458740234e-01,-5.117852091789245605e-01,-6.658892631530761719e-01,8.866782188415527344e-01,-4.814424216747283936e-01,-6.844818592071533203e-01,-6.985032558441162109e-02,-7.115400433540344238e-01
9.587753564119338989e-02,-4.949636459350585938e-01,-5.237810611724853516e-01,9.536972045898437500e-01,-2.787065207958221436e-01,-7.052090167999267578e-01,-2.850775420665740967e-01,-8.230028748512268066e-01,-4.778426587581634521e-01
-6.086542606353759766e-01,-1.583168953657150269e-01,3.200607001781463623e-01,-4.894304275512695312e-01,-7.659361958503723145e-01,9.019517898559570312e-01,-6.244980692863464355e-01,-6.231191754341125488e-01,2.899035811424255371e-01
5.303283333778381348e-01,5.014955997467041016e-01,-4.595630764961242676e-01,-3.927656635642051697e-02,8.349672555923461914e-01,-5.133016109466552734e-01,8.468821048736572266e-01,2.265652269124984741e-01,-7.247918248176574707e-01
-4.543203115463256836e-02,3.561172485351562500e-01,-4.221976399421691895e-01,-9.225066304206848145e-01,-4.963936209678649902e-01,-6.570214629173278809e-01,3.832982182502746582e-01,7.916904687881469727e-01,-6.245574355125427246e-01
-3.163135945796966553e-01,6.769459843635559082e-01,5.725944638252258301e-01,-9.213489294052124023e-01,6.197198033332824707e-01,5.996882319450378418e-01,-2.259691506624221802e-01,-3.971036374568939209e-01,5.590255856513977051e-01
-2.489785403013229370e-01,-5.947827100753784180e-01,-4.188192784786224365e-01,-9.584843516349792480e-01,-6.109287217259407043e-02,-6.579349040985107422e-01,-1.389873325824737549e-01,-8.015617132186889648e-01,-6.258690357208251953e-01
-1.881580054759979248e-01,-4.885993003845214844e-01,4.159690439701080322e-01,-9.357033967971801758e-01,-6.666042208671569824e-01,8.467372655868530273e-01,2.984220087528228760e-01,-5.629472136497497559e-01,3.316712379455566406e-01
-9.369216114282608032e-02,-4.749363064765930176e-01,4.128471314907073975e-01,-9.414319396018981934e-01,-5.185099244117736816e-01,6.692498326301574707e-01,3.239255845546722412e-01,-7.110435962677001953e-01,6.177878975868225098e-01
-1.135064065456390381e-01,-3.584055462852120399e-03,-4.379040300846099854e-01,9.046036601066589355e-01,9.862224459648132324e-01,-7.566221952438354492e-01,-4.108632504940032959e-01,1.653853505849838257e-01,-4.855542480945587158e-01
1.619670838117599487e-01,-4.148271977901458740e-01,-5.029523372650146484e-01,7.002562880516052246e-01,-5.404538512229919434e-01,-7.530279755592346191e-01,-6.952754259109497070e-01,-7.320027947425842285e-01,-4.242497086524963379e-01
-9.216763973236083984e-01,-3.875421285629272461e-01,5.829863548278808594e-01,-8.236732333898544312e-02,-6.184440851211547852e-01,6.510062813758850098e-01,-3.791150152683258057e-01,-6.836212277412414551e-01,4.861252903938293457e-01
6.661869287490844727e-01,-4.606803357601165771e-01,4.908515810966491699e-01,7.301033735275268555e-01,-4.737744629383087158e-01,7.125530242919921875e-01,1.521316468715667725e-01,-7.505407929420471191e-01,-5.013311505317687988e-01
5.855707526206970215e-01,-1.322752982378005981e-01,-5.127096176147460938e-01,5.195705890655517578e-01,-5.869508981704711914e-01,-6.092227101325988770e-01,6.222164034843444824e-01,-7.987439632415771484e-01,-6.049599647521972656e-01
6.446757912635803223e-01,-2.743771672248840332e-01,4.731380641460418701e-01,4.729852080345153809e-01,1.958331465721130371e-01,8.151440024375915527e-01,6.005648970603942871e-01,-9.414703845977783203e-01,3.341867029666900635e-01
4.886567592620849609e-01,-4.869809448719024658e-01,3.260611295700073242e-01,8.315878510475158691e-01,-4.794839322566986084e-01,8.123404979705810547e-01,-2.639627158641815186e-01,-7.300305962562561035e-01,4.835153520107269287e-01
4.260869026184082031e-01,3.651030957698822021e-01,5.025877356529235840e-01,9.016063809394836426e-01,2.416680753231048584e-01,5.004345774650573730e-01,7.453750073909759521e-02,8.990529775619506836e-01,7.049615979194641113e-01
5.380103588104248047e-01,4.758274853229522705e-01,4.811596870422363281e-01,-6.494036912918090820e-01,6.677787303924560547e-01,4.688487648963928223e-01,5.374194383621215820e-01,5.724157691001892090e-01,7.407200932502746582e-01
-1.730346977710723877e-01,6.663633584976196289e-01,4.329586029052734375e-01,4.406423866748809814e-01,5.706120133399963379e-01,7.389801740646362305e-01,-8.808480501174926758e-01,4.799602329730987549e-01,5.161929130554199219e-01
-4.417385756969451904e-01,-7.240224480628967285e-01,4.716557264328002930e-02,-6.867892742156982422e-01,4.714606702327728271e-01,-1.439487212337553501e-03,-5.772238969802856445e-01,-5.035040378570556641e-01,9.988860487937927246e-01
2.203511893749237061e-01,-8.506602048873901367e-02,7.262201905250549316e-01,9.489832520484924316e-01,-3.210141062736511230e-01,4.411749839782714844e-01,2.255572825670242310e-01,-9.432463645935058594e-01,5.272275805473327637e-01
-5.651108622550964355e-01,-4.944530427455902100e-01,-4.866008162498474121e-01,1.207069754600524902e-01,-4.891600012779235840e-01,-3.848427832126617432e-01,8.161369562149047852e-01,-7.184975147247314453e-01,-7.842931151390075684e-01
-5.821130275726318359e-01,-4.318005442619323730e-01,4.094144403934478760e-01,-5.762317180633544922e-01,-2.764746844768524170e-01,5.141854286193847656e-01,-5.736735463142395020e-01,-8.585512042045593262e-01,7.536532282829284668e-01
6.186925768852233887e-01,7.111247777938842773e-01,3.089702725410461426e-01,4.701380729675292969e-01,3.287799060344696045e-01,2.432077378034591675e-01,6.294358968734741211e-01,6.214542388916015625e-01,9.194494485855102539e-01
8.645073771476745605e-01,6.812555193901062012e-01,-3.614675104618072510e-01,4.177663326263427734e-01,3.846803903579711914e-01,4.757106676697731018e-02,2.794607877731323242e-01,6.228258013725280762e-01,9.311702847480773926e-01
7.531980872154235840e-01,-5.744450092315673828e-01,5.318693518638610840e-01,6.150917410850524902e-01,-5.876846313476562500e-01,1.679287105798721313e-01,2.331413328647613525e-01,-5.697716474533081055e-01,-8.300090432167053223e-01
2.861783802509307861e-01,-5.663152933120727539e-01,2.128458619117736816e-01,1.201825216412544250e-01,-5.848267078399658203e-01,6.912232637405395508e-01,9.506093263626098633e-01,-5.807450413703918457e-01,6.905845999717712402e-01
-9.418835043907165527e-01,8.482373952865600586e-01,-7.474263310432434082e-01,3.020507693290710449e-01,4.174073040485382080e-01,-4.462229311466217041e-01,1.470404416322708130e-01,-3.259825706481933594e-01,-4.921777546405792236e-01
4.190549254417419434e-01,-2.418333292007446289e-01,6.110688447952270508e-01,5.550264716148376465e-01,-2.988241910934448242e-01,3.136641979217529297e-01,7.185669541358947754e-01,-9.231579899787902832e-01,7.267802953720092773e-01
3.183796107769012451e-01,2.370417863130569458e-01,-9.333816170692443848e-01,8.621633052825927734e-01,4.219184219837188721e-01,3.462990522384643555e-01,3.940924406051635742e-01,8.750976920127868652e-01,-9.421060234308242798e-02
4.174548666924238205e-03,-2.270403951406478882e-01,8.764337301254272461e-01,9.730154871940612793e-01,-2.471389472484588623e-01,3.665184676647186279e-01,2.307019978761672974e-01,-9.420058131217956543e-01,3.122947514057159424e-01
-4.228268861770629883e-01,-5.506657361984252930e-01,-7.137920856475830078e-01,6.220198869705200195e-01,-3.445153534412384033e-01,-5.175743624567985535e-02,-6.590210199356079102e-01,-7.603134512901306152e-01,6.984425187110900879e-01
-7.722993493080139160e-01,-6.013850569725036621e-01,-2.444835603237152100e-01,5.473644733428955078e-01,-2.869607508182525635e-01,-2.464314699172973633e-01,3.224063813686370850e-01,-7.456470727920532227e-01,-9.378162622451782227e-01
-7.683177590370178223e-01,6.250584125518798828e-01,-5.273956060409545898e-01,-5.439696311950683594e-01,-6.441476196050643921e-02,-3.889455795288085938e-01,-3.373199999332427979e-01,-7.779155373573303223e-01,-7.553642988204956055e-01
-4.552333056926727295e-01,-5.916090011596679688e-01,-5.699497461318969727e-01,8.897450566291809082e-01,-6.193748712539672852e-01,-2.498718202114105225e-01,-3.341040387749671936e-02,-5.161138772964477539e-01,7.827651500701904297e-01
5.222538709640502930e-01,9.173130393028259277e-01,3.871585130691528320e-01,7.948879003524780273e-01,1.423844397068023682e-01,3.064601421356201172e-01,3.088755607604980469e-01,3.718380033969879150e-01,8.695921301841735840e-01
9.148191809654235840e-01,-4.208288192749023438e-01,3.033279180526733398e-01,-8.706085383892059326e-02,-7.249974608421325684e-01,6.141229867935180664e-01,3.943682014942169189e-01,-5.452355742454528809e-01,7.285912036895751953e-01
3.758186995983123779e-01,4.300533235073089600e-01,6.705049872398376465e-01,-8.496006727218627930e-01,6.555498838424682617e-01,2.042842954397201538e-01,3.700526654720306396e-01,6.207321882247924805e-01,7.132257223129272461e-01
4.222674965858459473e-01,8.714404702186584473e-01,-5.296419262886047363e-01,-1.295511275529861450e-01,4.901835024356842041e-01,-7.370252609252929688e-01,8.971659541130065918e-01,-1.765985973179340363e-02,-4.198490977287292480e-01
2.663809657096862793e-01,-4.933867454528808594e-01,5.671444535255432129e-01,-9.053640365600585938e-01,-8.596266508102416992e-01,5.385982394218444824e-01,3.306920230388641357e-01,-1.327084749937057495e-01,6.231044530868530273e-01
6.651268005371093750e-01,5.280787348747253418e-01,-4.856115579605102539e-01,1.850651949644088745e-01,3.487592339515686035e-01,-7.023537755012512207e-01,7.234343290328979492e-01,7.742736935615539551e-01,-5.204618573188781738e-01
5.652617216110229492e-01,2.868424355983734131e-01,-4.188282489776611328e-01,2.347351163625717163e-01,9.001949429512023926e-01,-6.953768730163574219e-01,7.908088564872741699e-01,3.276743590831756592e-01,-5.839810967445373535e-01
8.804651349782943726e-02,-3.655629158020019531e-01,-2.908750772476196289e-01,9.960919022560119629e-01,-5.204954743385314941e-01,-7.740319371223449707e-01,-6.975199095904827118e-03,-7.716528773307800293e-01,-5.623755455017089844e-01
-5.125296711921691895e-01,4.596717059612274170e-01,-4.288150370121002197e-01,-7.268963456153869629e-01,3.314341902732849121e-01,-6.160370111465454102e-01,-4.570940732955932617e-01,-8.239254951477050781e-01,-6.607693433761596680e-01
5.676616430282592773e-01,3.974628746509552002e-01,1.299316287040710449e-01,5.607314705848693848e-01,6.762181520462036133e-01,-4.429869651794433594e-01,6.027773618698120117e-01,6.202840805053710938e-01,-8.870627284049987793e-01
7.071591019630432129e-01,5.902913808822631836e-01,4.941822886466979980e-01,3.546196818351745605e-01,5.830295681953430176e-01,6.426607966423034668e-01,6.116951107978820801e-01,5.582407116889953613e-01,5.854663848876953125e-01
-5.727284550666809082e-01,-4.490657150745391846e-01,-4.946314990520477295e-01,-6.447177529335021973e-01,-6.855900883674621582e-01,-8.666670322418212891e-01,-5.062816739082336426e-01,-5.729801654815673828e-01,-6.502278149127960205e-02
-3.569808304309844971e-01,4.547280371189117432e-01,-5.690708756446838379e-01,-4.029680192470550537e-01,8.253099322319030762e-01,-2.579595446586608887e-01,-8.427226543426513672e-01,3.347924649715423584e-01,-7.807784676551818848e-01
7.436348199844360352e-01,5.385519862174987793e-01,-5.370952486991882324e-01,5.202134251594543457e-01,6.079869866371154785e-01,-6.063884496688842773e-01,-4.199823737144470215e-01,5.833640694618225098e-01,-5.863631963729858398e-01
-2.955673635005950928e-01,5.731562972068786621e-01,-3.306875824928283691e-01,-3.678306043148040771e-01,7.094526886940002441e-01,-3.049550652503967285e-01,-8.816691637039184570e-01,4.100836813449859619e-01,-8.931114673614501953e-01
5.009576678276062012e-01,-3.929504454135894775e-01,8.096879720687866211e-01,-7.433995008468627930e-01,-7.053341269493103027e-01,1.873250864446163177e-02,4.431688487529754639e-01,-5.899947285652160645e-01,5.865615606307983398e-01
-4.588009715080261230e-01,-4.479184746742248535e-01,-4.488091766834259033e-01,-1.789176613092422485e-01,-8.023336529731750488e-01,-7.236478924751281738e-01,-8.703390955924987793e-01,-3.944994211196899414e-01,-5.243129134178161621e-01
3.951031267642974854e-01,-4.906169474124908447e-01,1.574676018208265305e-03,6.272165179252624512e-01,-8.694428801536560059e-01,-1.581459641456604004e-01,6.711878180503845215e-01,-5.800138786435127258e-02,-9.874145388603210449e-01
-1.215926036238670349e-01,5.091062784194946289e-01,4.572862386703491211e-01,-9.866862297058105469e-01,3.232842981815338135e-01,6.578447222709655762e-01,-1.080067157745361328e-01,7.976828813552856445e-01,5.984393358230590820e-01
6.023758053779602051e-01,-4.569641053676605225e-01,3.147168159484863281e-01,6.273136138916015625e-01,-4.940261244773864746e-01,7.639804482460021973e-01,-4.935798048973083496e-01,-7.396769523620605469e-01,5.632825493812561035e-01
4.407444894313812256e-01,3.620362579822540283e-01,4.684986770153045654e-01,-1.040273308753967285e-01,6.939210295677185059e-01,4.979467988014221191e-01,8.915842771530151367e-01,6.224173903465270996e-01,7.297656536102294922e-01
-8.957151174545288086e-01,-7.004914879798889160e-01,4.552710950374603271e-01,-6.437072902917861938e-02,-7.107759118080139160e-01,4.962698817253112793e-01,-4.399441182613372803e-01,-6.410411745309829712e-02,7.392187714576721191e-01
1.742801815271377563e-01,5.964889526367187500e-01,3.672296702861785889e-01,9.284938573837280273e-01,3.350028097629547119e-01,6.617565751075744629e-01,3.279109895229339600e-01,7.293654680252075195e-01,6.536211967468261719e-01
2.579029202461242676e-01,5.739963054656982422e-01,-2.955085039138793945e-01,8.937140107154846191e-01,3.575234115123748779e-01,-6.105432510375976562e-01,3.670985996723175049e-01,7.366853356361389160e-01,-7.347867488861083984e-01
2.752895355224609375e-01,6.892133951187133789e-01,4.647742509841918945e-01,9.439939260482788086e-01,-1.125847473740577698e-01,6.224776506423950195e-01,-1.819097399711608887e-01,7.157580256462097168e-01,6.296876072883605957e-01
-1.226277947425842285e-01,9.034134447574615479e-02,4.527372419834136963e-01,-7.232090830802917480e-01,8.100454807281494141e-01,7.125002741813659668e-01,-6.796550154685974121e-01,-5.793657898902893066e-01,5.360712409019470215e-01
6.082802414894104004e-01,-5.776481628417968750e-01,4.523504674434661865e-01,4.567814767360687256e-01,-4.517542719841003418e-01,3.965101540088653564e-01,6.491115689277648926e-01,-6.798828244209289551e-01,7.988484501838684082e-01
-3.930226564407348633e-01,4.195584058761596680e-01,3.926312029361724854e-01,-8.750460743904113770e-01,5.649153590202331543e-01,6.654521226882934570e-01,-2.825376093387603760e-01,7.105219364166259766e-01,6.348341107368469238e-01
-8.243627548217773438e-01,2.020979300141334534e-02,2.914463579654693604e-01,-3.284780085086822510e-01,8.001446127891540527e-01,5.027654767036437988e-01,-4.610077142715454102e-01,5.994666218757629395e-01,8.138094544410705566e-01
6.297668814659118652e-01,-3.711781501770019531e-01,-3.552415370941162109e-01,4.356973767280578613e-01,-5.983179211616516113e-01,-4.897588789463043213e-01,6.430874466896057129e-01,-7.101002335548400879e-01,-7.962032556533813477e-01
5.625461935997009277e-01,-6.099525094032287598e-01,2.935926318168640137e-01,6.706921458244323730e-01,-3.601392805576324463e-01,7.498910427093505859e-01,4.834394752979278564e-01,-7.058737277984619141e-01,-5.928463935852050781e-01
-3.679235577583312988e-01,-3.009439408779144287e-01,-4.600544571876525879e-01,-7.435337901115417480e-01,-6.996106505393981934e-01,-2.773043811321258545e-01,-5.583813786506652832e-01,6.480568647384643555e-01,-8.434762358665466309e-01
-5.733131766319274902e-01,-5.866325497627258301e-01,-6.569545716047286987e-02,-5.904937386512756348e-01,-6.276270151138305664e-01,-9.035293459892272949e-01,-5.680045485496520996e-01,-5.118070244789123535e-01,-4.234606325626373291e-01
5.599916577339172363e-01,-4.857654273509979248e-01,-3.427020013332366943e-01,6.297283768653869629e-01,-6.983075737953186035e-01,-7.301008701324462891e-01,5.383785963058471680e-01,-5.257360935211181641e-01,-5.911920070648193359e-01
7.653044462203979492e-01,5.262086987495422363e-01,3.267868161201477051e-01,6.419053673744201660e-01,5.815291404724121094e-01,8.155414462089538574e-01,-4.761085286736488342e-02,6.204258799552917480e-01,4.776006937026977539e-01
6.089792847633361816e-01,-3.106015324592590332e-01,-5.018888115882873535e-01,4.319829940795898438e-01,-8.108402490615844727e-01,-5.943742990493774414e-01,6.652330160140991211e-01,-4.960491359233856201e-01,-6.283524632453918457e-01
-1.214195191860198975e-01,-4.881661534309387207e-01,3.660253286361694336e-01,8.829167485237121582e-01,-7.625696063041687012e-01,7.371415495872497559e-01,4.535585045814514160e-01,-4.244777858257293701e-01,5.680208802223205566e-01
8.206254243850708008e-01,-6.295506954193115234e-01,-4.272024333477020264e-01,4.547882676124572754e-01,-5.831397175788879395e-01,-5.686599016189575195e-01,3.460369408130645752e-01,-5.134335160255432129e-01,-7.029395103454589844e-01
-5.637961626052856445e-01,4.621818065643310547e-01,-3.345282673835754395e-01,-5.313098430633544922e-01,6.317406296730041504e-01,-6.728159189224243164e-01,-6.323319673538208008e-01,6.223276853561401367e-01,-6.598558425903320312e-01
1.040437668561935425e-01,-5.176280140876770020e-01,5.826844573020935059e-01,-3.709654137492179871e-02,-7.497650980949401855e-01,1.679446399211883545e-01,9.938806891441345215e-01,-4.122056365013122559e-01,7.951563000679016113e-01
-7.000077366828918457e-01,4.750417768955230713e-01,3.562649488449096680e-01,-2.010928839445114136e-01,6.725440621376037598e-01,5.369046926498413086e-01,-6.852377653121948242e-01,5.674679875373840332e-01,7.647278308868408203e-01
2.911054491996765137e-01,-3.755388557910919189e-01,3.643637299537658691e-01,5.632313489913940430e-01,-9.189828038215637207e-01,3.480134308338165283e-01,7.733227610588073730e-01,-1.201715394854545593e-01,8.637856841087341309e-01
5.028082728385925293e-01,3.522061407566070557e-01,3.465224206447601318e-01,5.457466244697570801e-01,8.629539608955383301e-01,8.115844726562500000e-01,6.703316569328308105e-01,3.623000681400299072e-01,4.703753292560577393e-01
2.544608712196350098e-01,-4.905311167240142822e-01,-4.324835240840911865e-01,9.432292580604553223e-01,-4.727377891540527344e-01,-8.806843161582946777e-01,2.134671658277511597e-01,-7.320506572723388672e-01,-1.932696402072906494e-01
5.791830271482467651e-02,-3.154966831207275391e-01,-4.422060251235961914e-01,-5.035386420786380768e-03,3.503128588199615479e-01,-5.417350530624389648e-01,-9.983085989952087402e-01,-8.818972706794738770e-01,-7.148265242576599121e-01
6.056928038597106934e-01,-7.308858036994934082e-01,-4.662794470787048340e-01,-4.390948116779327393e-01,-4.969370961189270020e-01,-5.553329586982727051e-01,6.635751128196716309e-01,4.678242206573486328e-01,-6.886136531829833984e-01
-4.386556744575500488e-01,9.579241871833801270e-01,7.732864022254943848e-01,5.128144025802612305e-01,2.256983965635299683e-01,1.488120555877685547e-01,7.379719614982604980e-01,1.773175597190856934e-01,6.163465380668640137e-01
-7.773412466049194336e-01,6.345260143280029297e-01,4.407128691673278809e-01,-1.543000042438507080e-01,3.094795942306518555e-01,4.674315154552459717e-01,-6.098622679710388184e-01,7.082366347312927246e-01,7.663419246673583984e-01
9.374733567237854004e-01,7.907843589782714844e-01,-5.259307622909545898e-01,2.142749577760696411e-01,4.381727576255798340e-01,-4.988527595996856689e-01,2.742808759212493896e-01,4.273928701877593994e-01,-6.888707280158996582e-01
8.331739306449890137e-01,5.464156866073608398e-01,-7.249940186738967896e-02,5.369517803192138672e-01,5.161032080650329590e-01,-8.627256155014038086e-01,-1.323025822639465332e-01,6.595963835716247559e-01,-5.004482865333557129e-01
-7.405493259429931641e-01,7.610323429107666016e-01,5.823807120323181152e-01,6.606222987174987793e-01,1.186825484037399292e-01,4.867374598979949951e-01,1.231465414166450500e-01,-6.377650499343872070e-01,6.510908603668212891e-01
8.767979145050048828e-01,5.310188531875610352e-01,-5.968550443649291992e-01,1.268740296363830566e-01,9.691714495420455933e-02,-4.908249378204345703e-01,-4.638193249702453613e-01,8.417993187904357910e-01,-6.347085237503051758e-01
8.948394656181335449e-01,-5.829919576644897461e-01,-3.466443419456481934e-01,4.379976689815521240e-01,-4.196661710739135742e-01,-2.341546714305877686e-01,-8.614209294319152832e-02,-6.957015991210937500e-01,-9.083002209663391113e-01
8.046022653579711914e-01,-7.454943060874938965e-01,2.017422318458557129e-01,3.604845404624938965e-01,-5.044606328010559082e-01,4.780909121036529541e-01,4.718750417232513428e-01,-4.356119036674499512e-01,8.548269867897033691e-01
5.725975632667541504e-01,-4.114823937416076660e-01,3.989737108349800110e-02,4.480219483375549316e-01,-8.817611336708068848e-01,-6.077070832252502441e-01,6.865919232368469238e-01,-2.306068688631057739e-01,-7.931584715843200684e-01
9.986325502395629883e-01,7.453937530517578125e-01,1.071854084730148315e-01,5.086906254291534424e-02,4.322355389595031738e-01,5.336492657661437988e-01,-1.205661427229642868e-02,5.075042247772216797e-01,8.388860225677490234e-01
9.626267552375793457e-01,-6.016525626182556152e-01,-1.619904488325119019e-01,-1.103657111525535583e-01,-5.764403939247131348e-01,-3.934066891670227051e-01,-2.473238259553909302e-01,-5.529291033744812012e-01,-9.049807786941528320e-01
-4.186655282974243164e-01,5.954927802085876465e-01,8.466089963912963867e-01,6.259729266166687012e-01,6.989943385124206543e-01,-3.723747432231903076e-01,-6.579339504241943359e-01,3.959740400314331055e-01,-3.802503049373626709e-01
-9.775451421737670898e-01,5.344403982162475586e-01,4.786661863327026367e-01,-9.057701379060745239e-02,5.423214435577392578e-01,6.200054287910461426e-01,1.902664303779602051e-01,6.482753157615661621e-01,6.216686964035034180e-01
9.775725007057189941e-01,-5.503084659576416016e-01,4.269687831401824951e-01,1.976050734519958496e-01,-5.203173160552978516e-01,4.474538862705230713e-01,7.283060997724533081e-02,-6.530165076255798340e-01,7.858006358146667480e-01
4.842727184295654297e-01,4.507363736629486084e-01,-6.384272128343582153e-02,4.929765164852142334e-01,4.872291982173919678e-01,1.202990040183067322e-01,7.228097915649414062e-01,7.479602098464965820e-01,9.906827211380004883e-01
-8.067291378974914551e-01,5.144152641296386719e-01,-2.112812176346778870e-02,-2.946860194206237793e-01,6.873386502265930176e-01,8.449728786945343018e-02,-5.121995210647583008e-01,5.127792358398437500e-01,9.961996674537658691e-01
-5.905857086181640625e-01,-1.178082264959812164e-02,-5.563904643058776855e-01,1.626769900321960449e-01,-2.162945121526718140e-01,-6.954155564308166504e-01,-7.904079556465148926e-01,-9.762570261955261230e-01,-4.547821581363677979e-01
8.760385513305664062e-01,-6.523023843765258789e-01,-4.330617189407348633e-01,-4.690597355365753174e-01,-7.574195861816406250e-01,-5.263159275054931641e-01,-1.119797378778457642e-01,2.858445793390274048e-02,-7.317438125610351562e-01
-8.626398444175720215e-02,9.226730465888977051e-01,4.775275886058807373e-01,3.444267809391021729e-01,3.679839074611663818e-01,5.523739457130432129e-01,-9.348415732383728027e-01,1.151621416211128235e-01,6.832644939422607422e-01
1.528959274291992188e-01,5.446794629096984863e-01,-2.620809078216552734e-01,-8.171552419662475586e-01,3.268374800682067871e-01,-2.070148587226867676e-01,5.557699203491210938e-01,7.723351120948791504e-01,-9.425807595252990723e-01
-2.308120280504226685e-01,2.315297573804855347e-01,6.773568391799926758e-01,2.403341680765151978e-01,9.674239754676818848e-01,5.680690407752990723e-01,9.428496360778808594e-01,-1.023956313729286194e-01,4.674240052700042725e-01
-8.673864006996154785e-01,5.511298775672912598e-01,-3.316864073276519775e-01,-2.469541579484939575e-01,4.121658205986022949e-01,-5.809075236320495605e-01,-4.320352077484130859e-01,7.255171537399291992e-01,-7.433240413665771484e-01
6.324757337570190430e-01,2.620604634284973145e-01,-1.269626468420028687e-01,6.002601385116577148e-01,2.786891534924507141e-02,5.212666392326354980e-01,4.895530641078948975e-01,9.646489620208740234e-01,8.438966870307922363e-01
-6.776186227798461914e-01,-6.179780960083007812e-01,-1.738461107015609741e-01,-5.600288510322570801e-01,-3.283129334449768066e-01,-3.013092279434204102e-01,-4.766558706760406494e-01,7.143623828887939453e-01,-9.375447630882263184e-01
-8.616846799850463867e-01,6.608902215957641602e-01,3.132432997226715088e-01,-3.710584342479705811e-01,5.794956684112548828e-01,5.281637907028198242e-01,-3.461431562900543213e-01,4.768742024898529053e-01,7.892538309097290039e-01
5.694794058799743652e-01,-6.090149879455566406e-01,-4.402928948402404785e-01,-2.301638200879096985e-02,-3.957091569900512695e-01,-8.431056737899780273e-01,-8.216832280158996582e-01,-6.873972415924072266e-01,-3.087312877178192139e-01
-9.363931417465209961e-01,-3.323383927345275879e-01,4.064298272132873535e-01,-5.476359650492668152e-02,-8.132615685462951660e-01,6.639795303344726562e-01,-3.466538488864898682e-01,4.776577949523925781e-01,6.276511549949645996e-01
-7.271110266447067261e-02,-6.411567926406860352e-01,5.166062116622924805e-01,-8.322927355766296387e-01,-6.231312155723571777e-01,5.520527958869934082e-01,5.495470762252807617e-01,-4.479123353958129883e-01,6.544888615608215332e-01
1.091422140598297119e-01,-1.243382170796394348e-01,-5.910207629203796387e-01,9.792416095733642578e-01,-9.572394490242004395e-01,-6.500644087791442871e-01,-1.708036363124847412e-01,2.612134814262390137e-01,-4.776093363761901855e-01
7.197491526603698730e-01,-5.950377583503723145e-01,-5.088158845901489258e-01,5.110599994659423828e-01,-7.629228830337524414e-01,-7.224249839782714844e-01,4.698708653450012207e-01,-2.527424991130828857e-01,-4.681970775127410889e-01
-2.969712018966674805e-02,-4.994188249111175537e-01,7.034581899642944336e-01,-9.352960586547851562e-01,-2.164357453584671021e-01,5.349843502044677734e-01,3.526179790496826172e-01,-8.388899564743041992e-01,4.679083228111267090e-01
5.768935084342956543e-01,-3.756673932075500488e-01,4.020389318466186523e-01,2.096076458692550659e-01,-8.780964612960815430e-01,7.338430881500244141e-01,7.894671559333801270e-01,-2.963454127311706543e-01,5.475755333900451660e-01
-3.104039728641510010e-01,4.403913319110870361e-01,4.657143950462341309e-01,3.205696046352386475e-01,7.457385063171386719e-01,5.527130365371704102e-01,-8.949214816093444824e-01,4.999294877052307129e-01,6.910994648933410645e-01
-7.321819663047790527e-01,-2.524193823337554932e-01,-5.903107523918151855e-01,9.672583639621734619e-02,-8.578874468803405762e-01,-4.828948080539703369e-01,-6.742059588432312012e-01,-4.475640654563903809e-01,-6.467965245246887207e-01
