4.504367709159851074e-01,-7.477902173995971680e-01,3.019169270992279053e-01,3.530690968036651611e-01,-5.518520474433898926e-01,5.495448112487792969e-01,8.200297951698303223e-01,-3.691465556621551514e-01,7.790035605430603027e-01
7.799611091613769531e-01,4.587135016918182373e-01,-1.021794974803924561e-01,5.996236205101013184e-01,5.631831884384155273e-01,1.864674836397171021e-01,1.791988164186477661e-01,6.873183250427246094e-01,9.771331548690795898e-01
2.397355139255523682e-01,4.946101605892181396e-01,7.880055904388427734e-01,-2.602947354316711426e-01,-2.889806330204010010e-01,4.368920326232910156e-01,9.352933168411254883e-01,-8.196651935577392578e-01,4.337885975837707520e-01
6.536760926246643066e-01,-4.922746717929840088e-01,-4.302636086940765381e-01,6.800314188003540039e-01,-5.737971067428588867e-01,-3.038941323757171631e-01,-3.320614695549011230e-01,-6.545398235321044922e-01,-8.500127196311950684e-01
-4.977761805057525635e-01,4.374890327453613281e-01,4.515989720821380615e-01,-5.085309743881225586e-01,5.720960497856140137e-01,1.473245173692703247e-01,-7.025774121284484863e-01,-6.937647461891174316e-01,-8.799738287925720215e-01
-6.153795123100280762e-01,4.222962260246276855e-01,3.509100973606109619e-01,-4.326068758964538574e-01,5.906922817230224609e-01,4.607258439064025879e-01,-6.589076519012451172e-01,6.875670552253723145e-01,8.152262568473815918e-01
7.087263464927673340e-01,-5.914683341979980469e-01,-1.875200271606445312e-01,6.246623992919921875e-01,-4.432069957256317139e-01,-5.579575523734092712e-02,3.278777599334716797e-01,-6.735970377922058105e-01,-9.806747436523437500e-01
5.853478312492370605e-01,-4.681500494480133057e-01,1.325552165508270264e-01,5.729857683181762695e-01,-3.467320501804351807e-01,-1.001720502972602844e-01,5.736333727836608887e-01,-8.127806782722473145e-01,9.861007332801818848e-01
4.919936954975128174e-01,8.937754631042480469e-01,-3.846771121025085449e-01,1.791242957115173340e-01,4.311221241950988770e-01,-7.458757162094116211e-01,8.519722819328308105e-01,-1.236896067857742310e-01,-5.437766313552856445e-01
-7.122228145599365234e-01,2.546953558921813965e-01,-8.983675837516784668e-01,-6.847277283668518066e-01,4.564134776592254639e-01,-3.801503777503967285e-01,-1.545531302690505981e-01,8.525356054306030273e-01,-2.200487703084945679e-01
-6.403859853744506836e-01,-7.416841387748718262e-01,2.570638433098793030e-02,-5.863938331604003906e-01,-5.350359082221984863e-01,4.091100096702575684e-01,-4.960322976112365723e-01,-4.045259654521942139e-01,-9.121229648590087891e-01
-8.642632514238357544e-02,5.110947489738464355e-01,6.665975451469421387e-01,-2.076334506273269653e-01,6.451303958892822266e-01,5.528771281242370605e-01,9.743812680244445801e-01,5.679690837860107422e-01,4.999746382236480713e-01
2.701414227485656738e-01,-1.246156543493270874e-01,-7.047693729400634766e-01,-3.357365727424621582e-01,-6.925240755081176758e-01,-3.558401763439178467e-01,-9.023882746696472168e-01,7.105500102043151855e-01,-6.137408614158630371e-01
-4.692303836345672607e-01,-2.788548469543457031e-01,-3.420974016189575195e-01,-6.464822888374328613e-01,-5.472624897956848145e-01,-1.651988476514816284e-01,-6.015675067901611328e-01,-7.891411781311035156e-01,-9.250290393829345703e-01
-2.120230346918106079e-01,5.597302317619323730e-01,-5.128531455993652344e-01,-2.037615031003952026e-01,4.142841696739196777e-01,-7.645861506462097168e-01,9.557863473892211914e-01,7.176842689514160156e-01,-3.903711438179016113e-01
2.434114962816238403e-01,6.831604242324829102e-01,-2.056643664836883545e-01,2.228956073522567749e-01,5.664629340171813965e-01,-5.246163010597229004e-01,9.439642429351806641e-01,4.608813822269439697e-01,8.261234164237976074e-01
-2.883302569389343262e-01,-7.906669974327087402e-01,-4.979375004768371582e-01,3.452669382095336914e-01,-4.719552099704742432e-01,-5.349130630493164062e-01,8.931161165237426758e-01,-3.900050222873687744e-01,-6.825879216194152832e-01
8.149648308753967285e-01,4.643187224864959717e-01,-7.247188091278076172e-01,5.020112991333007812e-01,2.628584206104278564e-01,-6.885054707527160645e-01,2.895115017890930176e-01,8.457621335983276367e-01,-2.725764364004135132e-02
-7.985653281211853027e-01,-5.839345455169677734e-01,-3.131518959999084473e-01,-4.978190064430236816e-01,-4.014155566692352295e-01,-2.529760599136352539e-01,3.383336961269378662e-01,-7.056103944778442383e-01,-9.153901338577270508e-01
-7.046793103218078613e-01,-4.336643218994140625e-01,-6.147704720497131348e-01,-6.245610713958740234e-01,-4.167697429656982422e-01,-3.715571165084838867e-01,-3.366754651069641113e-01,-7.988981008529663086e-01,-6.957030296325683594e-01
4.027886688709259033e-01,-1.028725355863571167e-01,6.585981249809265137e-01,2.744751274585723877e-01,4.861301183700561523e-01,7.439096570014953613e-01,8.731693029403686523e-01,8.678102493286132812e-01,1.133443042635917664e-01
-2.228349000215530396e-01,-7.976348996162414551e-01,5.157049298286437988e-01,-5.429342985153198242e-01,4.965957105159759521e-01,5.790709257125854492e-01,-8.096708655357360840e-01,3.423028290271759033e-01,6.314469575881958008e-01
4.345663487911224365e-01,-7.902677655220031738e-01,1.113001722842454910e-02,2.497259527444839478e-01,-5.612453818321228027e-01,1.270627379417419434e-01,8.653259873390197754e-01,-2.459279447793960571e-01,9.918321967124938965e-01
8.004608750343322754e-01,-6.541051268577575684e-01,2.904392778873443604e-02,3.282132744789123535e-01,-4.157403707504272461e-01,-5.196362137794494629e-01,5.015360713005065918e-01,-6.319069862365722656e-01,-8.538938760757446289e-01
-8.646143078804016113e-01,4.901399910449981689e-01,-3.293934464454650879e-01,-4.999038875102996826e-01,3.759699165821075439e-01,-6.103138327598571777e-01,5.038214847445487976e-02,7.863900661468505859e-01,-7.204283475875854492e-01
-4.873442351818084717e-01,5.094239711761474609e-01,5.155676007270812988e-01,-1.620911955833435059e-01,8.454177379608154297e-01,6.611919999122619629e-01,-8.580338358879089355e-01,1.604871302843093872e-01,5.449909567832946777e-01
-7.629829645156860352e-01,6.601509451866149902e-01,-3.196067214012145996e-01,-4.731727540493011475e-01,2.479384839534759521e-01,-2.386162579059600830e-01,-4.404139816761016846e-01,-7.090325951576232910e-01,-9.170135259628295898e-01
9.386224150657653809e-01,6.105536222457885742e-01,-4.750847518444061279e-01,2.808701097965240479e-01,5.827522277832031250e-01,-5.666158795356750488e-01,-2.002495378255844116e-01,5.363058447837829590e-01,-6.732316613197326660e-01
8.332473635673522949e-01,5.301080942153930664e-01,2.993209660053253174e-01,5.340299010276794434e-01,5.041189789772033691e-01,-2.954809367656707764e-01,-1.432160139083862305e-01,6.817987561225891113e-01,-9.072475433349609375e-01
6.384688019752502441e-01,-2.015352845191955566e-01,8.810336589813232422e-01,5.188848376274108887e-01,5.651897192001342773e-02,4.668890237808227539e-01,5.684330463409423828e-01,-9.778492450714111328e-01,-7.611963152885437012e-02
6.510878205299377441e-01,-4.269210100173950195e-01,-1.030054762959480286e-01,6.030521392822265625e-01,-2.766596674919128418e-01,-2.992076575756072998e-01,4.608826041221618652e-01,-8.609284758567810059e-01,-9.486119151115417480e-01
5.230250954627990723e-01,-5.253053903579711914e-01,-2.838768064975738525e-01,6.653773188591003418e-01,-5.526778101921081543e-01,-4.376712739467620850e-01,5.326516628265380859e-01,-6.469942331314086914e-01,-8.531458377838134766e-01
-4.435028731822967529e-01,-7.600833773612976074e-01,-7.086867690086364746e-01,-3.874362707138061523e-01,-5.615188479423522949e-01,-7.054736018180847168e-01,-8.082067966461181641e-01,-3.270625472068786621e-01,-8.370665833353996277e-03
2.219666838645935059e-01,1.112055107951164246e-01,4.245007634162902832e-01,-8.352500200271606445e-01,1.548436284065246582e-01,6.271992325782775879e-01,-5.030787587165832520e-01,9.816601872444152832e-01,6.530085802078247070e-01
-4.198890924453735352e-01,-4.195880293846130371e-01,5.181173086166381836e-01,-4.285267591476440430e-01,-6.037169098854064941e-01,-2.296101301908493042e-01,8.000362515449523926e-01,-6.778434514999389648e-01,8.239136338233947754e-01
9.321465492248535156e-01,-6.996727585792541504e-01,-6.762701272964477539e-01,-3.322920501232147217e-01,-5.065795779228210449e-01,-3.006621599197387695e-01,-1.438221633434295654e-01,-5.038205385208129883e-01,-6.725035309791564941e-01
-6.184694766998291016e-01,-6.495507955551147461e-01,-6.649239659309387207e-01,-3.930798768997192383e-01,-2.014574259519577026e-01,-3.599788546562194824e-01,-6.804291009902954102e-01,7.331429719924926758e-01,-6.544397473335266113e-01
-6.214619874954223633e-01,5.051134228706359863e-01,5.562457442283630371e-01,-1.509474366903305054e-01,5.103598833084106445e-01,4.233633279800415039e-01,7.687652111053466797e-01,6.959836483001708984e-01,7.150903344154357910e-01
-1.045826151967048645e-01,-6.019279360771179199e-01,-6.159232854843139648e-01,1.674349159002304077e-01,-6.161850094795227051e-01,6.040632128715515137e-01,-9.803203344345092773e-01,-5.079358220100402832e-01,5.057134032249450684e-01
-1.027951762080192566e-02,5.219004750251770020e-01,-3.246559500694274902e-01,-4.557434320449829102e-01,4.096830785274505615e-01,-6.597705483436584473e-01,-8.900519013404846191e-01,7.481842637062072754e-01,-6.777177453041076660e-01
-2.672072649002075195e-01,-6.860423684120178223e-01,-6.627125144004821777e-01,-1.629743725061416626e-01,-6.232218146324157715e-01,-4.265820384025573730e-01,-9.497576355934143066e-01,-3.754204511642456055e-01,-6.154997348785400391e-01
-2.347463518381118774e-01,-6.854642033576965332e-01,-7.841145247220993042e-02,-3.339291512966156006e-01,-4.884049892425537109e-01,4.157793521881103516e-01,-9.128995537757873535e-01,-5.399994254112243652e-01,9.060789346694946289e-01
8.411415815353393555e-01,7.446171045303344727e-01,5.254828929901123047e-01,-5.296687483787536621e-01,4.318329393863677979e-01,1.224366798996925354e-01,-1.092330813407897949e-01,5.089849829673767090e-01,8.419482707977294922e-01
4.652504026889801025e-01,-6.613352894783020020e-01,-4.443864524364471436e-01,2.464865297079086304e-01,-4.973743259906768799e-01,-5.742013454437255859e-01,8.501685261726379395e-01,5.614752173423767090e-01,-6.876144409179687500e-01
4.404618144035339355e-01,-6.160905361175537109e-01,5.641497373580932617e-01,-7.366424798965454102e-01,-7.871302962303161621e-01,4.011786878108978271e-01,-5.131776332855224609e-01,2.929851412773132324e-02,7.216582894325256348e-01
3.793889880180358887e-01,3.361101150512695312e-01,-6.071793437004089355e-01,-2.883093953132629395e-01,7.392987012863159180e-01,-6.877393722534179688e-01,8.791710734367370605e-01,5.834959149360656738e-01,-3.979294598102569580e-01
-3.843701481819152832e-01,6.907302141189575195e-01,6.310765743255615234e-01,-3.656192421913146973e-01,5.501646995544433594e-01,7.702337503433227539e-01,-8.476923108100891113e-01,4.692659676074981689e-01,9.210048615932464600e-02
2.702319920063018799e-01,4.456859529018402100e-01,-4.455961287021636963e-01,9.205749630928039551e-01,4.482035338878631592e-01,-5.219957232475280762e-01,2.819865047931671143e-01,7.749049663543701172e-01,-7.272995114326477051e-01
-2.492394298315048218e-01,5.511279106140136719e-01,2.156215608119964600e-01,-4.528279900550842285e-01,8.246639966964721680e-01,-6.622780114412307739e-02,-8.560529351234436035e-01,1.272292584180831909e-01,9.742285609245300293e-01
-6.400974392890930176e-01,-4.472433626651763916e-01,1.425618082284927368e-01,-7.154560685157775879e-01,-4.127911925315856934e-01,-9.055526554584503174e-02,-2.799963951110839844e-01,-7.934588193893432617e-01,-9.856347441673278809e-01
-9.150524139404296875e-01,-6.018005609512329102e-01,2.535533010959625244e-01,-1.316463500261306763e-01,-6.477351784706115723e-01,5.705686211585998535e-01,-3.812457025051116943e-01,-4.671994447708129883e-01,7.811287641525268555e-01
8.138552904129028320e-01,-6.328342556953430176e-01,-1.412087678909301758e-01,3.809958398342132568e-01,-5.913695096969604492e-01,-2.038314193487167358e-01,4.387273788452148438e-01,-4.998028874397277832e-01,-9.687687158584594727e-01
8.581638932228088379e-01,-7.595250606536865234e-01,4.548096954822540283e-01,-7.603190094232559204e-02,-4.279783666133880615e-01,4.376793503761291504e-01,-5.077142715454101562e-01,-4.898531734943389893e-01,7.756190896034240723e-01
-2.370576709508895874e-01,6.682763807475566864e-03,8.073258996009826660e-01,-5.299997925758361816e-01,4.951342642307281494e-01,3.543105423450469971e-01,-8.141890764236450195e-01,-8.687907457351684570e-01,4.718993902206420898e-01
3.445247709751129150e-01,7.191326469182968140e-02,7.152423858642578125e-01,2.519045770168304443e-01,-9.928246736526489258e-01,4.087682664394378662e-01,-9.043488502502441406e-01,-9.553860127925872803e-02,5.668657422065734863e-01
-4.694965109229087830e-02,6.998501420021057129e-01,-8.112118244171142578e-01,-7.208074331283569336e-01,8.870369195938110352e-02,-5.744823813438415527e-01,-6.915434598922729492e-01,7.087604999542236328e-01,-1.091114133596420288e-01
-5.532097220420837402e-01,-7.118955254554748535e-01,4.045583307743072510e-01,6.873468160629272461e-01,-6.410445570945739746e-01,3.646159172058105469e-01,4.706520736217498779e-01,-2.868216037750244141e-01,8.386821746826171875e-01
-3.202978372573852539e-01,-5.979743003845214844e-01,-1.624203324317932129e-01,9.447686076164245605e-01,-4.466768205165863037e-01,-1.032416000962257385e-01,-6.943701952695846558e-02,-6.655122637748718262e-01,-9.813056588172912598e-01
-8.018019199371337891e-01,-5.268762111663818359e-01,-6.917567849159240723e-01,1.805058717727661133e-01,-5.562811493873596191e-01,-3.546554148197174072e-01,-5.696764588356018066e-01,-6.426139473915100098e-01,-6.290405392646789551e-01
-2.101919949054718018e-01,-5.761660933494567871e-01,-3.446172773838043213e-01,9.283597469329833984e-01,-5.683937668800354004e-01,-2.134451866149902344e-01,-3.065412640571594238e-01,-5.873339772224426270e-01,-9.141554236412048340e-01
-7.175889331847429276e-03,1.333071440458297729e-01,4.360156059265136719e-01,2.022592350840568542e-02,8.173409700393676758e-01,7.399610877037048340e-01,9.997696876525878906e-01,-5.605202913284301758e-01,5.121992230415344238e-01
1.056876927614212036e-01,-3.162866532802581787e-01,-6.243708729743957520e-01,9.823111891746520996e-01,-6.950780153274536133e-01,1.688726246356964111e-01,1.545794904232025146e-01,-6.456232070922851562e-01,-7.626551985740661621e-01
-5.850926637649536133e-01,4.434194564819335938e-01,-7.266757488250732422e-01,-8.088481426239013672e-01,4.861710071563720703e-01,-1.164178480394184589e-03,-5.857823416590690613e-02,7.530052065849304199e-01,-6.869795322418212891e-01
-3.484487235546112061e-01,4.034754037857055664e-01,6.667339205741882324e-01,8.037154674530029297e-01,7.080938220024108887e-01,4.496389627456665039e-01,-4.823121726512908936e-01,5.794918537139892578e-01,5.943825840950012207e-01
5.145968198776245117e-01,5.438213944435119629e-01,1.580782234668731689e-01,6.424968242645263672e-01,8.205646276473999023e-01,8.303984999656677246e-01,5.677921772003173828e-01,-1.758748590946197510e-01,-5.342748761177062988e-01
2.489913851022720337e-01,-7.186439633369445801e-01,-5.470499396324157715e-01,9.212990999221801758e-01,-4.094807803630828857e-01,-7.292870879173278809e-01,2.986827492713928223e-01,-5.620287060737609863e-01,-4.109460711479187012e-01
-4.307794570922851562e-01,-3.959920406341552734e-01,-5.755874514579772949e-01,-4.419879615306854248e-01,-3.085245192050933838e-01,-7.411142587661743164e-01,-7.868136167526245117e-01,8.648716211318969727e-01,-3.456136286258697510e-01
-1.418927162885665894e-01,4.476476907730102539e-01,4.296716153621673584e-01,-1.608927249908447266e-01,5.256661176681518555e-01,6.656614542007446289e-01,9.767189621925354004e-01,7.233855724334716797e-01,6.101451516151428223e-01
-4.600584805011749268e-01,7.567678689956665039e-01,6.323004364967346191e-01,-4.428887963294982910e-01,6.529375910758972168e-01,7.443721294403076172e-01,-7.695425152778625488e-01,3.122325055301189423e-02,2.147240787744522095e-01
-1.504145711660385132e-01,4.225483238697052002e-01,2.767029702663421631e-01,-3.758955895900726318e-01,8.532721400260925293e-01,8.421875238418579102e-01,-9.143729805946350098e-01,3.055809438228607178e-01,4.627695381641387939e-01
-2.394275665283203125e-01,-5.053775310516357422e-01,4.820858538150787354e-01,4.349547997117042542e-02,-3.440153896808624268e-01,7.727193832397460938e-01,9.699394702911376953e-01,-7.913576364517211914e-01,4.129139184951782227e-01
-5.902422666549682617e-01,2.675545029342174530e-02,-5.068015456199645996e-01,-6.280328631401062012e-01,-1.022542268037796021e-01,-7.004812955856323242e-01,-5.071377158164978027e-01,9.943984150886535645e-01,-5.024719238281250000e-01
-2.529374957084655762e-01,2.247261106967926025e-01,2.902640998363494873e-01,-8.980339765548706055e-01,-7.057782262563705444e-02,8.204485177993774414e-01,3.599410951137542725e-01,9.718626737594604492e-01,4.925554394721984863e-01
-3.051339685916900635e-01,-3.758963644504547119e-01,5.787948369979858398e-01,-9.413940310478210449e-01,-4.767130911350250244e-01,8.102588057518005371e-01,-1.437724232673645020e-01,-7.946360707283020020e-01,9.207157045602798462e-02
9.338353760540485382e-03,6.061633825302124023e-01,7.790967822074890137e-01,-8.769288659095764160e-01,4.726962447166442871e-01,5.857287645339965820e-01,4.805294871330261230e-01,6.396282315254211426e-01,2.234501987695693970e-01
2.520976364612579346e-01,-3.354689478874206543e-01,-4.568894207477569580e-01,9.268521666526794434e-01,3.042362332344055176e-01,-3.429464995861053467e-01,2.781936824321746826e-01,-8.915721178054809570e-01,-8.207556009292602539e-01
2.357001453638076782e-01,-9.019327908754348755e-02,4.232963919639587402e-01,-8.846753835678100586e-01,-9.302128553390502930e-01,6.733055114746093750e-01,4.022371768951416016e-01,3.557658195495605469e-01,6.062011122703552246e-01
-1.249605193734169006e-01,4.506956040859222412e-01,6.240095496177673340e-01,5.450728535652160645e-01,-4.416917562484741211e-01,5.726023912429809570e-01,-8.290237784385681152e-01,7.757459878921508789e-01,5.317316055297851562e-01
4.614862799644470215e-01,-5.156905055046081543e-01,5.827423930168151855e-01,-6.379535794258117676e-01,-6.755775213241577148e-01,5.236266255378723145e-01,6.164784431457519531e-01,-5.269329547882080078e-01,6.214712262153625488e-01
-3.258763253688812256e-01,-5.572258830070495605e-01,-5.961913466453552246e-01,-9.186990857124328613e-01,-5.792102813720703125e-01,-7.685635089874267578e-01,2.231517583131790161e-01,-5.949913859367370605e-01,-2.320905327796936035e-01
7.995371520519256592e-02,-1.123386174440383911e-01,-4.762013256549835205e-01,-9.873751401901245117e-01,9.738894701004028320e-01,-4.694749414920806885e-01,-1.367394328117370605e-01,-1.972802281379699707e-01,-7.435224056243896484e-01
3.192568421363830566e-01,4.530858993530273438e-01,-5.158278942108154297e-01,-1.027122065424919128e-01,7.310738563537597656e-01,-7.400669455528259277e-01,9.420856237411499023e-01,5.101413130760192871e-01,-4.315350055694580078e-01
8.295629024505615234e-01,4.268780350685119629e-01,-3.581583797931671143e-01,5.571872740983963013e-02,8.332002162933349609e-01,-5.132457613945007324e-01,5.556265711784362793e-01,3.515004813671112061e-01,-7.799367904663085938e-01
-4.028871655464172363e-02,4.956674277782440186e-01,2.935225963592529297e-01,-1.100692301988601685e-01,6.094868183135986328e-01,6.014987230300903320e-01,-9.931070208549499512e-01,6.187403798103332520e-01,7.429963946342468262e-01
2.775722444057464600e-01,-5.545108318328857422e-01,3.869555294513702393e-01,-7.097836732864379883e-01,-7.348001003265380859e-01,2.049839198589324951e-01,-6.474262475967407227e-01,-3.906232416629791260e-01,8.990256190299987793e-01
-4.927521049976348877e-01,-7.198228240013122559e-01,-3.512034714221954346e-01,3.057168722152709961e-01,-6.114428639411926270e-01,-5.187652111053466797e-01,-8.146978616714477539e-01,-3.286223709583282471e-01,-7.794477343559265137e-01
-3.035754859447479248e-01,-5.640675425529479980e-01,-7.053276300430297852e-01,8.958835601806640625e-01,-4.145625829696655273e-01,-5.051023960113525391e-01,3.243986368179321289e-01,-7.141188979148864746e-01,-4.973776042461395264e-01
-6.117569804191589355e-01,-5.720973610877990723e-01,-3.374879956245422363e-01,-4.819029271602630615e-01,-6.592145562171936035e-01,-8.628951907157897949e-01,-6.273140311241149902e-01,-4.879967868328094482e-01,-3.761830329895019531e-01
-2.975509166717529297e-01,1.959700733423233032e-01,-4.877416789531707764e-01,5.319211483001708984e-01,9.100558757781982422e-01,-5.070427060127258301e-01,7.927945852279663086e-01,-3.652314245700836182e-01,-7.106446027755737305e-01
4.587893187999725342e-01,-8.840755820274353027e-01,-1.418260484933853149e-01,5.515184402465820312e-01,3.330408334732055664e-01,6.667131781578063965e-01,6.966633200645446777e-01,3.278630077838897705e-01,-7.316958904266357422e-01
3.180813789367675781e-01,-4.791820645332336426e-01,-7.233284115791320801e-01,5.273666381835937500e-01,-8.397864699363708496e-01,-4.102783799171447754e-01,7.878506183624267578e-01,2.552313804626464844e-01,5.553986430168151855e-01
-6.352964639663696289e-01,-2.108537107706069946e-01,-1.727916747331619263e-01,-4.639295637607574463e-01,-4.580430090427398682e-01,-4.945226013660430908e-01,-6.173878908157348633e-01,-8.635608553886413574e-01,-8.518160581588745117e-01
9.819617867469787598e-01,-8.087444901466369629e-01,-3.469382524490356445e-01,5.001787841320037842e-02,-4.340319037437438965e-01,-4.715186357498168945e-01,-1.823437064886093140e-01,-3.969239592552185059e-01,-8.107429146766662598e-01
6.327078342437744141e-01,5.299087762832641602e-01,-2.988483905792236328e-01,4.284233748912811279e-01,4.617351889610290527e-01,-5.284043550491333008e-01,6.450845003128051758e-01,7.113348245620727539e-01,-7.946561574935913086e-01
-8.215225338935852051e-01,-7.162197828292846680e-01,-5.395489931106567383e-01,-2.051557749509811401e-01,3.086028248071670532e-02,-3.097121715545654297e-01,-5.319885015487670898e-01,6.971920728683471680e-01,-7.829208970069885254e-01
6.140359640121459961e-01,-2.099063843488693237e-01,3.375840187072753906e-01,4.529298245906829834e-01,7.611057907342910767e-02,5.866529941558837891e-01,6.463856697082519531e-01,9.747545719146728516e-01,7.361217737197875977e-01
-7.282319664955139160e-01,6.196547746658325195e-01,-4.696317613124847412e-01,-2.440452724695205688e-01,5.291128158569335938e-01,-7.546523809432983398e-01,6.404061317443847656e-01,5.797132849693298340e-01,-4.581983983516693115e-01
1.527067720890045166e-01,-5.491009950637817383e-01,-2.994766533374786377e-01,3.656872510910034180e-01,-6.249335408210754395e-01,8.884666562080383301e-01,9.181249141693115234e-01,-5.549290776252746582e-01,-3.477653563022613525e-01
-5.922399163246154785e-01,7.491359710693359375e-01,4.678438603878021240e-01,-6.989506483078002930e-01,-6.523638367652893066e-01,8.289878256618976593e-03,-4.008987843990325928e-01,-1.149636432528495789e-01,8.837722539901733398e-01
-6.755863130092620850e-02,8.076489567756652832e-01,-5.098639726638793945e-01,-7.810176610946655273e-01,-6.301800906658172607e-02,-6.411849856376647949e-01,6.208439469337463379e-01,5.862864851951599121e-01,-5.735159516334533691e-01
5.840919017791748047e-01,4.178782105445861816e-01,1.453581899404525757e-01,5.517421364784240723e-01,2.671057283878326416e-01,2.440758347511291504e-01,5.953295826911926270e-01,8.683503270149230957e-01,9.588003158569335938e-01
5.865227580070495605e-01,-4.653598368167877197e-01,5.261114835739135742e-01,3.394299447536468506e-01,-6.522648334503173828e-01,5.954430699348449707e-01,7.353763580322265625e-01,-5.983234047889709473e-01,6.071690917015075684e-01
9.926393628120422363e-02,-6.372381448745727539e-01,5.392503142356872559e-01,9.401082396507263184e-01,-2.618108689785003662e-01,5.707068443298339844e-01,3.261029124259948730e-01,-7.248328328132629395e-01,6.192760467529296875e-01
1.820917278528213501e-01,-6.095476746559143066e-01,3.682191073894500732e-01,9.752014875411987305e-01,-5.350790023803710938e-01,8.693953156471252441e-01,1.257965415716171265e-01,-5.849291086196899414e-01,3.294942975044250488e-01
4.997697472572326660e-01,-5.037716627120971680e-01,4.250904619693756104e-01,-6.639535725116729736e-02,-8.307889103889465332e-01,5.500922799110412598e-01,8.636098504066467285e-01,-2.366514950990676880e-01,7.188161611557006836e-01
-4.511514008045196533e-01,4.941212236881256104e-01,5.175732970237731934e-01,7.309500575065612793e-01,8.451276421546936035e-01,5.166794657707214355e-01,-5.120297074317932129e-01,2.039692401885986328e-01,6.820266246795654297e-01
-4.695236384868621826e-01,2.377193421125411987e-01,-5.733988285064697266e-01,4.410142004489898682e-01,7.928571701049804688e-01,-5.762497186660766602e-01,-7.648882269859313965e-01,5.611300468444824219e-01,-5.823659300804138184e-01
-2.481351345777511597e-01,3.859699964523315430e-01,-5.847780704498291016e-01,-9.179629087448120117e-01,3.495017588138580322e-01,-6.241084933280944824e-01,-3.094723522663116455e-01,8.537422418594360352e-01,-5.181921720504760742e-01
-4.244402647018432617e-01,-3.987896740436553955e-01,4.281666278839111328e-01,-5.994300842285156250e-01,-8.005608320236206055e-01,4.227133095264434814e-01,-6.786265969276428223e-01,4.472909271717071533e-01,7.987407445907592773e-01
4.233002662658691406e-02,4.116466939449310303e-01,-4.524781405925750732e-01,1.128390505909919739e-01,8.652468919754028320e-01,-6.293975114822387695e-01,9.927111864089965820e-01,2.861727476119995117e-01,-6.317613124847412109e-01
-4.929721653461456299e-01,3.568185269832611084e-01,9.274638891220092773e-01,-8.634667396545410156e-01,5.670485496520996094e-01,1.448784470558166504e-01,1.067876964807510376e-01,7.423856258392333984e-01,3.447040915489196777e-01
-5.206773281097412109e-01,6.151043176651000977e-01,-4.559059739112854004e-01,-5.733652710914611816e-01,4.933250546455383301e-01,-8.877754211425781250e-01,-6.325720548629760742e-01,6.150422692298889160e-01,6.328116357326507568e-02
-2.336715757846832275e-01,-6.691632270812988281e-01,-4.274996370077133179e-02,-3.605621457099914551e-01,-6.534097194671630859e-01,-4.110808670520782471e-01,-9.029908776283264160e-01,-3.539439141750335693e-01,-9.105958938598632812e-01
-7.373776435852050781e-01,3.078368008136749268e-01,4.508515596389770508e-01,-4.142421483993530273e-01,4.852547049522399902e-01,8.398597240447998047e-01,5.335518717765808105e-01,8.183913826942443848e-01,3.022721111774444580e-01
-6.703780293464660645e-01,-5.461816787719726562e-01,4.189971089363098145e-01,-4.463974833488464355e-01,-6.173884272575378418e-01,5.323761105537414551e-01,-5.927246809005737305e-01,-5.661423802375793457e-01,7.355386614799499512e-01
3.618025779724121094e-01,6.787410378456115723e-01,5.483199357986450195e-01,3.507768809795379639e-01,7.272698283195495605e-01,6.486998796463012695e-01,8.637444376945495605e-01,1.019274145364761353e-01,5.277628898620605469e-01
7.463878393173217773e-01,-7.005864381790161133e-01,-3.746818602085113525e-01,5.853101611137390137e-01,-5.223357081413269043e-01,-8.129081726074218750e-01,3.167290091514587402e-01,-4.861523211002349854e-01,-4.458630383014678955e-01
-7.157881259918212891e-01,-4.482559561729431152e-01,1.718587279319763184e-01,-5.035919547080993652e-01,-6.893339753150939941e-01,5.615559816360473633e-01,-4.837793707847595215e-01,-5.691091418266296387e-01,8.093945384025573730e-01
-3.335520625114440918e-01,-5.304253697395324707e-01,8.471209406852722168e-01,-3.998290598392486572e-01,-7.350085377693176270e-01,2.498513013124465942e-01,8.537445068359375000e-01,-4.223876595497131348e-01,4.689995050430297852e-01
-8.889802694320678711e-01,-1.638458520174026489e-01,-5.291428565979003906e-01,-4.547388553619384766e-01,-8.776804208755493164e-01,-6.176866292953491211e-01,-5.409895256161689758e-02,-4.503683745861053467e-01,-5.817825198173522949e-01
-4.024128913879394531e-01,3.682119250297546387e-01,4.315950870513916016e-01,-7.030183672904968262e-01,6.799593567848205566e-01,5.702866315841674805e-01,-5.863694548606872559e-01,-6.340939402580261230e-01,6.989269852638244629e-01
4.216014444828033447e-01,5.709269642829895020e-01,8.239824175834655762e-01,-8.233934044837951660e-01,6.841239929199218750e-01,1.929235272109508514e-02,3.798361122608184814e-01,4.538908004760742188e-01,5.662868618965148926e-01
-4.521395564079284668e-01,-4.133492112159729004e-01,-4.274795055389404297e-01,8.684187531471252441e-01,-7.096004486083984375e-01,-2.462860643863677979e-01,-2.035155445337295532e-01,-5.706221461296081543e-01,-8.698301315307617188e-01
-4.658270180225372314e-01,3.719464242458343506e-01,-3.471765518188476562e-01,-8.768244981765747070e-01,1.159378662705421448e-01,-3.036675751209259033e-01,-1.190960556268692017e-01,9.209854602813720703e-01,-8.872734904289245605e-01
7.590278387069702148e-01,4.504725039005279541e-01,-4.740177690982818604e-01,6.509136557579040527e-01,5.815470218658447266e-01,-6.583524346351623535e-01,1.371989212930202484e-02,6.774051189422607422e-01,-5.847043991088867188e-01
2.223635613918304443e-01,5.962809324264526367e-01,-7.495553493499755859e-01,-3.386253416538238525e-01,1.423228383064270020e-01,-5.401819348335266113e-01,-9.142687320709228516e-01,7.900590896606445312e-01,-3.825838267803192139e-01
-8.675594329833984375e-01,6.460853219032287598e-01,2.983880937099456787e-01,-2.248938530683517456e-01,5.084800720214843750e-01,4.141751229763031006e-01,-4.435800313949584961e-01,5.692290663719177246e-01,8.598973751068115234e-01
-2.296840250492095947e-01,5.786241292953491211e-01,-5.287735462188720703e-01,3.837995827198028564e-01,2.695751190185546875e-01,-6.099289059638977051e-01,8.943954110145568848e-01,7.697554230690002441e-01,-5.902416110038757324e-01
-2.310001105070114136e-02,-3.175278007984161377e-01,-6.414974927902221680e-01,6.847980618476867676e-01,-2.401384115219116211e-01,-6.707980632781982422e-01,7.283666729927062988e-01,-9.173383116722106934e-01,-3.721705675125122070e-01
-3.799656629562377930e-01,-2.395568192005157471e-01,-7.235372662544250488e-01,-7.091781497001647949e-01,-6.806123852729797363e-01,-1.640409231185913086e-01,5.938791036605834961e-01,-6.923722028732299805e-01,-6.705105304718017578e-01
9.061892032623291016e-01,6.680298447608947754e-01,-3.354547321796417236e-01,4.137566685676574707e-01,1.959664523601531982e-01,-7.411288619041442871e-01,-8.733007311820983887e-02,7.178672552108764648e-01,-5.815480351448059082e-01
4.814213886857032776e-02,-3.526389896869659424e-01,-7.676182389259338379e-01,4.902390241622924805e-01,-6.437581181526184082e-01,-1.761117875576019287e-01,8.702574372291564941e-01,6.791327595710754395e-01,-6.162360310554504395e-01
2.065501511096954346e-01,-5.239160060882568359e-01,4.356588423252105713e-01,9.574099779129028320e-01,-3.658446669578552246e-01,3.899177312850952148e-01,-2.017500996589660645e-01,-7.692007422447204590e-01,8.112740516662597656e-01
-2.590801119804382324e-01,4.290714859962463379e-01,3.818605542182922363e-01,1.549123674631118774e-01,7.240025401115417480e-01,6.165553331375122070e-01,-9.533517956733703613e-01,5.401092767715454102e-01,6.885070800781250000e-01
-2.625296115875244141e-01,-4.313229024410247803e-02,6.777865290641784668e-01,9.643507003784179688e-01,-9.773122072219848633e-01,4.508451819419860840e-01,-3.325521200895309448e-02,-2.073652744293212891e-01,5.808132290840148926e-01
-1.627132743597030640e-01,3.748994469642639160e-01,-5.403527617454528809e-01,4.055192470550537109e-01,9.250587821006774902e-01,-5.328987836837768555e-01,-8.994879126548767090e-01,-6.096383184194564819e-02,-6.511818766593933105e-01
3.050260543823242188e-01,-2.851601839065551758e-01,4.003174006938934326e-01,3.251370489597320557e-01,-8.442128300666809082e-01,8.570147752761840820e-01,8.951228857040405273e-01,-4.538595080375671387e-01,3.244557380676269531e-01
4.658308923244476318e-01,7.701661586761474609e-01,6.594479680061340332e-01,7.031077742576599121e-01,3.002820312976837158e-01,2.594266235828399658e-01,5.372533202171325684e-01,5.627386569976806641e-01,7.055680155754089355e-01
-5.155044198036193848e-01,3.515525162220001221e-01,-4.458249211311340332e-01,-3.992433845996856689e-01,7.761929631233215332e-01,-6.238525509834289551e-01,-7.581952214241027832e-01,5.233883857727050781e-01,-6.419097781181335449e-01
-2.475580424070358276e-01,-5.014404058456420898e-01,-5.383384823799133301e-01,-9.663830995559692383e-01,-4.876429736614227295e-01,-6.164596080780029297e-01,6.941636651754379272e-02,-7.146760225296020508e-01,-5.746035575866699219e-01
-3.211380839347839355e-01,6.625602841377258301e-01,-3.671014308929443359e-01,-8.174495100975036621e-01,2.906239926815032959e-01,-2.099246531724929810e-01,-4.781702160835266113e-01,6.903270483016967773e-01,-9.061833024024963379e-01
-2.359450757503509521e-01,-6.600448489189147949e-01,2.244230210781097412e-01,-6.419066190719604492e-01,-3.444876968860626221e-01,6.399096250534057617e-01,7.295792102813720703e-01,-6.675845384597778320e-01,7.349489331245422363e-01
2.689341902732849121e-01,4.354240000247955322e-01,-3.351317048072814941e-01,5.870060920715332031e-01,4.973390102386474609e-01,-9.001383185386657715e-01,7.636087536811828613e-01,7.503731846809387207e-01,2.782763540744781494e-01
-2.997947037220001221e-01,8.237384259700775146e-02,-6.927396655082702637e-01,-9.340828657150268555e-01,-3.349522650241851807e-01,-3.033791482448577881e-01,-1.939388364553451538e-01,-9.386274814605712891e-01,-6.542727351188659668e-01
-4.238405227661132812e-01,5.786855816841125488e-01,-6.383891701698303223e-01,8.332145810127258301e-01,3.072409927845001221e-01,-3.596358299255371094e-01,3.551234602928161621e-01,-7.554640769958496094e-01,-6.805301904678344727e-01
-3.609650731086730957e-01,-6.103726625442504883e-01,3.970859348773956299e-01,-3.742734789848327637e-01,9.504815936088562012e-02,9.165672063827514648e-01,-8.541800379753112793e-01,7.863911390304565430e-01,4.719558358192443848e-02
-7.698607444763183594e-01,-7.110259532928466797e-01,-3.619116842746734619e-01,-3.449696600437164307e-01,-4.369629323482513428e-01,-3.574337959289550781e-01,5.369454622268676758e-01,-5.509132742881774902e-01,-8.609651327133178711e-01
-8.128731846809387207e-01,-6.517115831375122070e-01,-4.349545761942863464e-02,-4.063747525215148926e-01,1.972959786653518677e-01,5.838439464569091797e-01,-4.172491133213043213e-01,7.323566675186157227e-01,8.106998801231384277e-01
8.981809020042419434e-01,6.095866560935974121e-01,-2.791564762592315674e-01,3.754324615001678467e-01,-3.969369828701019287e-01,-6.795246601104736328e-01,2.287390381097793579e-01,-6.861816048622131348e-01,-6.784673333168029785e-01
-7.415183186531066895e-01,-5.659633874893188477e-01,-5.245857834815979004e-01,-4.562952220439910889e-01,-5.440670847892761230e-01,-5.070050358772277832e-01,-4.918793439865112305e-01,-6.194162964820861816e-01,-6.839266419410705566e-01
-9.912589192390441895e-01,-6.416360735893249512e-01,-6.752790808677673340e-01,1.125688254833221436e-01,-5.839284062385559082e-01,-4.307599961757659912e-01,6.880313903093338013e-02,-4.973235428333282471e-01,-5.987019538879394531e-01
8.342215418815612793e-01,-6.890078186988830566e-01,4.198173284530639648e-01,5.389749407768249512e-01,-4.626828730106353760e-01,2.669490277767181396e-01,1.165349110960960388e-01,-5.578465461730957031e-01,-8.674627542495727539e-01
-7.766581773757934570e-01,-6.288543939590454102e-01,3.385103046894073486e-01,-4.241712093353271484e-01,-5.595470070838928223e-01,3.421454727649688721e-01,-4.657045900821685791e-01,-5.398604869842529297e-01,8.765541911125183105e-01
-2.300469726324081421e-01,5.927308797836303711e-01,-9.371241927146911621e-01,-4.497493207454681396e-01,-3.981112539768218994e-01,-8.898702263832092285e-02,-8.630202412605285645e-01,7.001267671585083008e-01,-3.374605476856231689e-01
7.810710668563842773e-01,6.503411531448364258e-01,1.536969393491744995e-01,-5.404939055442810059e-01,6.940447688102722168e-01,-4.608896374702453613e-01,3.127209842205047607e-01,3.088015615940093994e-01,-8.740468621253967285e-01
3.864580988883972168e-01,-3.790595531463623047e-01,-4.675822854042053223e-01,4.237129539251327515e-02,-8.069951534271240234e-01,-5.204078555107116699e-01,9.213331937789916992e-01,-4.528494775295257568e-01,-7.145226001739501953e-01
-3.715174496173858643e-01,3.128656148910522461e-01,-4.023269414901733398e-01,1.724073663353919983e-02,8.028802871704101562e-01,-7.476818561553955078e-01,-9.282658696174621582e-01,5.074430704116821289e-01,-5.283038020133972168e-01
-6.241402029991149902e-01,-5.208517313003540039e-01,5.235764980316162109e-01,-6.992768049240112305e-01,-5.034136772155761719e-01,5.372616648674011230e-01,-3.485123813152313232e-01,-6.894115209579467773e-01,6.612243056297302246e-01
6.135073900222778320e-01,4.989250302314758301e-01,3.167309463024139404e-01,7.223847508430480957e-01,5.255072116851806641e-01,7.050020694732666016e-01,3.190124034881591797e-01,6.891415119171142578e-01,6.345499157905578613e-01
5.417468547821044922e-01,-4.330308437347412109e-01,3.592196404933929443e-01,7.634939551353454590e-01,-6.614347696304321289e-01,6.427600979804992676e-01,3.515499234199523926e-01,-6.123628616333007812e-01,6.766245365142822266e-01
5.755622386932373047e-01,2.750488817691802979e-01,5.299620032310485840e-01,4.435297250747680664e-01,-7.371101379394531250e-01,6.894503831863403320e-01,6.870295405387878418e-01,-6.172655224800109863e-01,4.937594830989837646e-01
9.335391521453857422e-01,-5.157374739646911621e-01,4.637981653213500977e-01,3.464074134826660156e-01,-6.678962111473083496e-01,6.527053713798522949e-01,9.223117679357528687e-02,-5.365906953811645508e-01,5.990550518035888672e-01
4.751167893409729004e-01,4.058583080768585205e-01,3.761548399925231934e-01,5.643351674079895020e-01,5.961725115776062012e-01,6.626427173614501953e-01,6.751221418380737305e-01,6.927173733711242676e-01,6.476204395294189453e-01
-9.281044602394104004e-01,-5.954664349555969238e-01,3.833463191986083984e-01,-3.129858672618865967e-01,-5.289196372032165527e-01,6.467573046684265137e-01,2.016483396291732788e-01,-6.047013998031616211e-01,6.593562364578247070e-01
-6.227595806121826172e-01,-3.863153159618377686e-01,3.704820871353149414e-01,-5.130106210708618164e-01,-7.512546777725219727e-01,6.703944802284240723e-01,-5.907542705535888672e-01,-5.351420044898986816e-01,6.428952217102050781e-01
6.753014922142028809e-01,2.950762510299682617e-01,-3.793101608753204346e-01,5.383558869361877441e-01,7.706062793731689453e-01,-7.952002882957458496e-01,5.041238665580749512e-01,5.648857951164245605e-01,-4.730541408061981201e-01
7.087548971176147461e-01,7.142487764358520508e-01,2.083890438079833984e-01,3.890431225299835205e-01,4.874564707279205322e-01,6.344714164733886719e-01,5.884826779365539551e-01,5.022298693656921387e-01,7.443251013755798340e-01
-6.109098196029663086e-01,2.790937125682830811e-01,3.995035588741302490e-01,-6.064555048942565918e-01,8.852637410163879395e-01,6.507568955421447754e-01,-5.089214444160461426e-01,3.720413446426391602e-01,6.456875205039978027e-01
6.228512525558471680e-01,4.590918719768524170e-01,4.735077917575836182e-01,4.792771041393280029e-01,4.906833171844482422e-01,7.193254232406616211e-01,6.183444261550903320e-01,7.405838966369628906e-01,5.082924962043762207e-01
-3.715757429599761963e-01,-8.429855704307556152e-01,-3.653124868869781494e-01,2.234778739511966705e-02,-1.818338483572006226e-01,-7.054386138916015625e-01,-9.281336665153503418e-01,-5.062724351882934570e-01,-6.073740720748901367e-01
-5.756540894508361816e-01,5.478286147117614746e-01,-3.583924174308776855e-01,-5.962516069412231445e-01,6.754556894302368164e-01,-5.647747516632080078e-01,-5.595591664314270020e-01,4.936024248600006104e-01,-7.433601617813110352e-01
5.723203420639038086e-01,-4.921014010906219482e-01,1.172177195549011230e-01,7.134879827499389648e-01,-7.609018087387084961e-01,5.035778284072875977e-01,4.042082130908966064e-01,-4.229239523410797119e-01,8.559610247611999512e-01
-1.078379601240158081e-01,-1.067534089088439941e-03,-4.493248760700225830e-01,-1.190754678100347519e-02,-4.473471939563751221e-01,-8.739933967590332031e-01,9.940971732139587402e-01,-8.943597674369812012e-01,-1.850481331348419189e-01
-2.344406247138977051e-01,-4.371609091758728027e-01,4.036048352718353271e-01,-7.509780526161193848e-01,-7.320255041122436523e-01,3.464686870574951172e-01,-6.173082590103149414e-01,-5.225217342376708984e-01,8.467954993247985840e-01
-1.861977577209472656e-01,-4.704715907573699951e-01,-6.115058660507202148e-01,8.297423720359802246e-01,-6.874369978904724121e-01,-2.353737056255340576e-01,5.261729955673217773e-01,-5.532510876655578613e-01,-7.554202675819396973e-01
8.245821595191955566e-01,4.471358060836791992e-01,-2.149796187877655029e-01,3.970881700515747070e-01,7.249682545661926270e-01,-7.571210861206054688e-01,4.029704928398132324e-01,5.239184498786926270e-01,-6.168885231018066406e-01
5.660943388938903809e-01,5.652344822883605957e-01,-4.830031692981719971e-01,5.548447370529174805e-01,5.912169218063354492e-01,-6.532989144325256348e-01,6.096592545509338379e-01,5.753020048141479492e-01,-5.830166339874267578e-01
-5.780634880065917969e-01,-5.495414733886718750e-01,-2.376637309789657593e-01,-6.754384636878967285e-01,-5.306593179702758789e-01,-8.545078039169311523e-01,-4.578488469123840332e-01,-6.452944278717041016e-01,-4.618791639804840088e-01
6.690494418144226074e-01,-5.581796169281005859e-01,4.634070694446563721e-01,4.758752584457397461e-01,-7.694416642189025879e-01,7.072133421897888184e-01,-5.708903074264526367e-01,-3.104754984378814697e-01,5.339506268501281738e-01
4.006275236606597900e-01,-6.311419010162353516e-01,-3.787350058555603027e-01,4.563509523868560791e-01,-7.226865291595458984e-01,-7.968895435333251953e-01,7.945069670677185059e-01,-2.817520499229431152e-01,-4.706664085388183594e-01
4.492408037185668945e-01,-3.533549308776855469e-01,3.136369884014129639e-01,6.506525278091430664e-01,-8.803063631057739258e-01,8.505179286003112793e-01,6.122367978096008301e-01,-3.165455162525177002e-01,4.221978187561035156e-01
-3.895216882228851318e-01,6.750137805938720703e-01,-4.416630864143371582e-01,-4.890821874141693115e-01,7.275925874710083008e-01,-3.600265979766845703e-01,-7.804303169250488281e-01,1.223330050706863403e-01,-8.217752575874328613e-01
5.009609460830688477e-01,-3.034375607967376709e-01,4.078803658485412598e-01,-1.088199466466903687e-01,-8.528912663459777832e-01,8.584849834442138672e-01,8.586014509201049805e-01,-4.248553812503814697e-01,3.108652830123901367e-01
3.243951797485351562e-01,-9.507562518119812012e-01,-9.934571385383605957e-02,7.671362757682800293e-01,2.914034128189086914e-01,2.624572440981864929e-02,5.534164309501647949e-01,-1.055774986743927002e-01,9.947067499160766602e-01
5.379541516304016113e-01,5.348669886589050293e-01,-1.183577626943588257e-01,-4.234603643417358398e-01,6.326286196708679199e-01,-2.604596912860870361e-01,7.288940548896789551e-01,5.600879192352294922e-01,-9.582025408744812012e-01
-1.951653063297271729e-01,-4.732072651386260986e-01,3.185570836067199707e-01,-9.369516968727111816e-01,-3.318466544151306152e-01,7.069376111030578613e-01,-2.898827195167541504e-01,-8.160592913627624512e-01,6.314749717712402344e-01
4.155748784542083740e-01,-6.144094467163085938e-01,-2.783999443054199219e-01,9.094612002372741699e-01,-5.269278883934020996e-01,-3.932974040508270264e-01,-1.333047915250062943e-02,-5.872377157211303711e-01,-8.762481212615966797e-01
7.813391089439392090e-01,7.519340515136718750e-01,-2.047587782144546509e-01,3.489603400230407715e-01,5.288998484611511230e-01,-5.387603640556335449e-01,5.174320936203002930e-01,-3.935228884220123291e-01,-8.171970844268798828e-01
-9.128466248512268066e-01,5.944818258285522461e-01,2.139536738395690918e-01,-3.365564942359924316e-01,4.274151027202606201e-01,5.125925540924072266e-01,-2.311726957559585571e-01,6.811077594757080078e-01,8.315483331680297852e-01
6.048917770385742188e-01,5.398849844932556152e-01,-5.182683467864990234e-01,5.501760244369506836e-01,5.325909256935119629e-01,4.526548087596893311e-01,5.756842494010925293e-01,6.518213748931884766e-01,7.256042957305908203e-01
9.363824725151062012e-01,-7.406736016273498535e-01,-4.762584865093231201e-01,-2.444094121456146240e-01,-6.017996668815612793e-01,-4.938891828060150146e-01,-2.518965303897857666e-01,-2.987304627895355225e-01,-7.274966239929199219e-01
9.053376913070678711e-01,8.178128600120544434e-01,-5.588344931602478027e-01,-1.471800506114959717e-01,2.584159374237060547e-01,-4.868113994598388672e-01,-3.983738422393798828e-01,5.142015218734741211e-01,-6.713559031486511230e-01
-9.365082383155822754e-01,5.158567428588867188e-01,-4.667511880397796631e-01,-2.797562181949615479e-01,3.698892593383789062e-01,-4.227099120616912842e-01,-2.113972604274749756e-01,7.727054357528686523e-01,-7.768266797065734863e-01
-8.218278288841247559e-01,-5.210608839988708496e-01,-6.686117500066757202e-02,-4.016987383365631104e-01,-6.343814730644226074e-01,5.537899136543273926e-01,-4.040262103080749512e-01,-5.710129141807556152e-01,8.299676179885864258e-01
-9.334892034530639648e-01,-7.038768529891967773e-01,4.663251936435699463e-01,-5.467960983514785767e-02,-5.057300925254821777e-01,5.469706654548645020e-01,3.544120490550994873e-01,-4.987930655479431152e-01,6.952437162399291992e-01
8.416099548339843750e-01,4.822434782981872559e-01,4.276351034641265869e-01,-6.406439095735549927e-02,6.208003163337707520e-01,6.337314844131469727e-01,-5.362727642059326172e-01,6.181004643440246582e-01,6.446026563644409180e-01
8.544265627861022949e-01,-5.494795441627502441e-01,5.638790503144264221e-02,4.542542099952697754e-01,-5.758249759674072266e-01,-6.682162284851074219e-01,-2.522069513797760010e-01,-6.053906679153442383e-01,-7.418271303176879883e-01
-8.661520481109619141e-01,-7.359424233436584473e-01,-3.914836347103118896e-01,-2.613872885704040527e-01,-4.586008787155151367e-01,-4.265765547752380371e-01,-4.259781837463378906e-01,-4.980701804161071777e-01,-8.153361082077026367e-01
-6.794109344482421875e-01,5.628898143768310547e-01,4.932225644588470459e-01,-6.098893880844116211e-01,5.365787148475646973e-01,5.638365149497985840e-01,-4.079651832580566406e-01,6.286798715591430664e-01,6.624348163604736328e-01
-6.116975545883178711e-01,-4.762688577175140381e-01,5.090093240141868591e-02,-3.017644286155700684e-01,-6.117382049560546875e-01,-5.824575424194335938e-01,-7.312757968902587891e-01,-6.316204667091369629e-01,-8.112658858299255371e-01
